0	0	0
0	1	1
0	2	0
0	3	1
0	4	0
0	5	1
0	6	0
0	7	1
0	8	0
0	9	0
0	10	1
0	11	0
0	12	1
0	13	0
0	14	1
0	15	0
0	16	0
0	17	1
0	18	0
0	19	1
0	20	0
0	21	1
0	22	0
0	23	0
0	24	1
0	25	0
0	26	1
0	27	0
0	28	1
0	29	1
0	30	0
0	31	1
0	32	0
0	33	1
0	34	0
0	35	1
0	36	0
0	37	0
0	38	0
0	39	1
0	40	0
0	41	1
0	42	0
0	43	1
0	44	0
0	45	1
0	46	0
0	47	1
0	48	0
0	49	0
0	50	1
0	51	0
0	52	1
0	53	0
0	54	0
0	55	1
0	56	0
0	57	1
0	58	0
0	59	1
0	60	0
0	61	1
0	62	0
0	63	1

1	0	1
1	1	0
1	2	1
1	3	0
1	4	1
1	5	0
1	6	0
1	7	0
1	8	0
1	9	1
1	10	0
1	11	1
1	12	0
1	13	1
1	14	0
1	15	1
1	16	1
1	17	0
1	18	1
1	19	0
1	20	1
1	21	0
1	22	0
1	23	1
1	24	0
1	25	1
1	26	0
1	27	1
1	28	0
1	29	1
1	30	0
1	31	1
1	32	0
1	33	0
1	34	1
1	35	0
1	36	1
1	37	0
1	38	1
1	39	0
1	40	1
1	41	0
1	42	1
1	43	0
1	44	1
1	45	0
1	46	0
1	47	0
1	48	1
1	49	1
1	50	0
1	51	1
1	52	0
1	53	0
1	54	1
1	55	0
1	56	1
1	57	0
1	58	1
1	59	0
1	60	1
1	61	0
1	62	1
1	63	0

2	0	0
2	1	1
2	2	0
2	3	1
2	4	0
2	5	0
2	6	1
2	7	0
2	8	1
2	9	0
2	10	1
2	11	0
2	12	1
2	13	0
2	14	1
2	15	0
2	16	0
2	17	1
2	18	0
2	19	1
2	20	0
2	21	0
2	22	1
2	23	0
2	24	0
2	25	0
2	26	1
2	27	0
2	28	1
2	29	0
2	30	1
2	31	0
2	32	1
2	33	0
2	34	1
2	35	0
2	36	0
2	37	1
2	38	0
2	39	1
2	40	0
2	41	1
2	42	0
2	43	1
2	44	0
2	45	1
2	46	1
2	47	1
2	48	0
2	49	0
2	50	1
2	51	0
2	52	0
2	53	1
2	54	0
2	55	1
2	56	1
2	57	1
2	58	1
2	59	1
2	60	0
2	61	1
2	62	0
2	63	1

3	0	1
3	1	0
3	2	0
3	3	1
3	4	0
3	5	1
3	6	0
3	7	1
3	8	0
3	9	1
3	10	0
3	11	1
3	12	1
3	13	1
3	14	0
3	15	1
3	16	0
3	17	1
3	18	0
3	19	0
3	20	0
3	21	1
3	22	0
3	23	1
3	24	0
3	25	1
3	26	0
3	27	1
3	28	0
3	29	1
3	30	0
3	31	1
3	32	0
3	33	1
3	34	0
3	35	1
3	36	1
3	37	0
3	38	1
3	39	0
3	40	1
3	41	1
3	42	1
3	43	0
3	44	1
3	45	0
3	46	0
3	47	0
3	48	1
3	49	0
3	50	0
3	51	0
3	52	1
3	53	0
3	54	1
3	55	0
3	56	1
3	57	0
3	58	1
3	59	0
3	60	1
3	61	0
3	62	1
3	63	0

4	0	0
4	1	0
4	2	1
4	3	0
4	4	1
4	5	0
4	6	1
4	7	0
4	8	1
4	9	0
4	10	1
4	11	0
4	12	1
4	13	0
4	14	1
4	15	0
4	16	1
4	17	0
4	18	1
4	19	0
4	20	1
4	21	0
4	22	1
4	23	1
4	24	0
4	25	1
4	26	1
4	27	0
4	28	1
4	29	0
4	30	1
4	31	0
4	32	1
4	33	0
4	34	1
4	35	0
4	36	0
4	37	1
4	38	0
4	39	1
4	40	0
4	41	1
4	42	0
4	43	1
4	44	0
4	45	1
4	46	0
4	47	1
4	48	0
4	49	1
4	50	0
4	51	1
4	52	0
4	53	0
4	54	0
4	55	1
4	56	0
4	57	1
4	58	0
4	59	1
4	60	0
4	61	1
4	62	0
4	63	1

5	0	0
5	1	1
5	2	0
5	3	1
5	4	0
5	5	1
5	6	0
5	7	1
5	8	1
5	9	1
5	10	0
5	11	1
5	12	1
5	13	1
5	14	0
5	15	1
5	16	0
5	17	1
5	18	0
5	19	1
5	20	0
5	21	1
5	22	1
5	23	0
5	24	1
5	25	0
5	26	1
5	27	0
5	28	1
5	29	1
5	30	0
5	31	1
5	32	1
5	33	0
5	34	1
5	35	0
5	36	1
5	37	0
5	38	1
5	39	0
5	40	1
5	41	0
5	42	1
5	43	0
5	44	1
5	45	0
5	46	1
5	47	0
5	48	1
5	49	0
5	50	1
5	51	0
5	52	1
5	53	0
5	54	1
5	55	0
5	56	1
5	57	0
5	58	1
5	59	1
5	60	1
5	61	0
5	62	1
5	63	0

6	0	1
6	1	0
6	2	1
6	3	0
6	4	1
6	5	0
6	6	1
6	7	0
6	8	1
6	9	1
6	10	1
6	11	0
6	12	1
6	13	0
6	14	1
6	15	0
6	16	1
6	17	0
6	18	1
6	19	0
6	20	1
6	21	1
6	22	0
6	23	1
6	24	0
6	25	1
6	26	0
6	27	1
6	28	0
6	29	1
6	30	0
6	31	1
6	32	0
6	33	1
6	34	0
6	35	1
6	36	0
6	37	1
6	38	0
6	39	1
6	40	0
6	41	1
6	42	0
6	43	1
6	44	0
6	45	1
6	46	1
6	47	0
6	48	1
6	49	1
6	50	0
6	51	1
6	52	0
6	53	1
6	54	0
6	55	0
6	56	0
6	57	1
6	58	0
6	59	1
6	60	0
6	61	1
6	62	0
6	63	1

7	0	0
7	1	1
7	2	0
7	3	1
7	4	1
7	5	1
7	6	0
7	7	1
7	8	0
7	9	1
7	10	1
7	11	1
7	12	0
7	13	1
7	14	0
7	15	1
7	16	0
7	17	1
7	18	0
7	19	1
7	20	0
7	21	0
7	22	1
7	23	0
7	24	1
7	25	0
7	26	1
7	27	0
7	28	1
7	29	0
7	30	1
7	31	0
7	32	1
7	33	0
7	34	1
7	35	0
7	36	1
7	37	0
7	38	1
7	39	0
7	40	1
7	41	1
7	42	0
7	43	1
7	44	0
7	45	1
7	46	0
7	47	1
7	48	0
7	49	1
7	50	1
7	51	0
7	52	1
7	53	0
7	54	1
7	55	0
7	56	1
7	57	0
7	58	1
7	59	1
7	60	1
7	61	0
7	62	1
7	63	0

8	0	1
8	1	0
8	2	1
8	3	0
8	4	0
8	5	0
8	6	1
8	7	0
8	8	1
8	9	0
8	10	1
8	11	1
8	12	1
8	13	0
8	14	1
8	15	0
8	16	1
8	17	1
8	18	0
8	19	1
8	20	0
8	21	1
8	22	0
8	23	1
8	24	0
8	25	0
8	26	0
8	27	1
8	28	0
8	29	1
8	30	0
8	31	1
8	32	0
8	33	1
8	34	0
8	35	1
8	36	0
8	37	1
8	38	0
8	39	1
8	40	1
8	41	0
8	42	1
8	43	0
8	44	1
8	45	0
8	46	1
8	47	0
8	48	1
8	49	0
8	50	0
8	51	1
8	52	0
8	53	0
8	54	0
8	55	1
8	56	0
8	57	1
8	58	0
8	59	1
8	60	0
8	61	1
8	62	1
8	63	0

9	0	0
9	1	1
9	2	0
9	3	1
9	4	0
9	5	1
9	6	0
9	7	1
9	8	0
9	9	1
9	10	0
9	11	1
9	12	0
9	13	1
9	14	0
9	15	1
9	16	1
9	17	0
9	18	1
9	19	0
9	20	1
9	21	0
9	22	1
9	23	0
9	24	1
9	25	0
9	26	1
9	27	0
9	28	1
9	29	0
9	30	1
9	31	0
9	32	1
9	33	0
9	34	1
9	35	0
9	36	1
9	37	1
9	38	0
9	39	1
9	40	0
9	41	1
9	42	0
9	43	1
9	44	0
9	45	1
9	46	0
9	47	1
9	48	0
9	49	1
9	50	1
9	51	0
9	52	1
9	53	0
9	54	1
9	55	0
9	56	1
9	57	0
9	58	1
9	59	0
9	60	1
9	61	0
9	62	0
9	63	0

10	0	1
10	1	0
10	2	1
10	3	0
10	4	1
10	5	0
10	6	1
10	7	0
10	8	1
10	9	0
10	10	1
10	11	1
10	12	1
10	13	0
10	14	1
10	15	0
10	16	0
10	17	1
10	18	0
10	19	1
10	20	0
10	21	0
10	22	0
10	23	1
10	24	0
10	25	1
10	26	0
10	27	1
10	28	0
10	29	1
10	30	0
10	31	1
10	32	0
10	33	1
10	34	0
10	35	1
10	36	1
10	37	0
10	38	1
10	39	0
10	40	1
10	41	0
10	42	1
10	43	0
10	44	1
10	45	0
10	46	1
10	47	0
10	48	1
10	49	0
10	50	1
10	51	0
10	52	0
10	53	1
10	54	0
10	55	1
10	56	0
10	57	1
10	58	0
10	59	1
10	60	1
10	61	0
10	62	1
10	63	0

11	0	0
11	1	1
11	2	0
11	3	1
11	4	0
11	5	1
11	6	0
11	7	1
11	8	0
11	9	1
11	10	0
11	11	1
11	12	0
11	13	1
11	14	1
11	15	0
11	16	1
11	17	0
11	18	1
11	19	0
11	20	1
11	21	0
11	22	1
11	23	0
11	24	1
11	25	0
11	26	1
11	27	0
11	28	1
11	29	0
11	30	1
11	31	0
11	32	1
11	33	0
11	34	1
11	35	0
11	36	0
11	37	1
11	38	0
11	39	1
11	40	0
11	41	1
11	42	0
11	43	1
11	44	0
11	45	1
11	46	0
11	47	1
11	48	0
11	49	1
11	50	0
11	51	1
11	52	1
11	53	0
11	54	1
11	55	1
11	56	0
11	57	1
11	58	0
11	59	1
11	60	0
11	61	1
11	62	0
11	63	1

12	0	1
12	1	0
12	2	1
12	3	0
12	4	1
12	5	0
12	6	1
12	7	0
12	8	0
12	9	0
12	10	1
12	11	0
12	12	1
12	13	0
12	14	1
12	15	1
12	16	0
12	17	1
12	18	0
12	19	1
12	20	0
12	21	1
12	22	0
12	23	1
12	24	0
12	25	1
12	26	0
12	27	1
12	28	0
12	29	1
12	30	0
12	31	1
12	32	0
12	33	0
12	34	1
12	35	0
12	36	1
12	37	0
12	38	1
12	39	0
12	40	1
12	41	0
12	42	1
12	43	0
12	44	1
12	45	0
12	46	1
12	47	0
12	48	1
12	49	0
12	50	1
12	51	0
12	52	1
12	53	1
12	54	1
12	55	0
12	56	1
12	57	0
12	58	1
12	59	0
12	60	1
12	61	0
12	62	1
12	63	0

13	0	0
13	1	1
13	2	0
13	3	0
13	4	0
13	5	1
13	6	0
13	7	1
13	8	0
13	9	1
13	10	0
13	11	1
13	12	0
13	13	1
13	14	1
13	15	0
13	16	1
13	17	0
13	18	1
13	19	0
13	20	1
13	21	0
13	22	1
13	23	0
13	24	1
13	25	0
13	26	1
13	27	0
13	28	1
13	29	0
13	30	0
13	31	0
13	32	0
13	33	1
13	34	0
13	35	1
13	36	0
13	37	1
13	38	0
13	39	1
13	40	0
13	41	1
13	42	1
13	43	1
13	44	0
13	45	0
13	46	0
13	47	1
13	48	0
13	49	1
13	50	0
13	51	1
13	52	0
13	53	1
13	54	0
13	55	1
13	56	0
13	57	1
13	58	0
13	59	1
13	60	0
13	61	1
13	62	0
13	63	1

14	0	1
14	1	0
14	2	1
14	3	0
14	4	1
14	5	0
14	6	1
14	7	0
14	8	0
14	9	0
14	10	1
14	11	0
14	12	1
14	13	0
14	14	1
14	15	1
14	16	0
14	17	1
14	18	0
14	19	1
14	20	0
14	21	1
14	22	0
14	23	1
14	24	0
14	25	1
14	26	0
14	27	1
14	28	0
14	29	1
14	30	1
14	31	0
14	32	1
14	33	0
14	34	1
14	35	0
14	36	1
14	37	0
14	38	1
14	39	0
14	40	1
14	41	0
14	42	1
14	43	0
14	44	1
14	45	0
14	46	1
14	47	0
14	48	1
14	49	0
14	50	1
14	51	1
14	52	1
14	53	0
14	54	1
14	55	0
14	56	1
14	57	0
14	58	1
14	59	0
14	60	1
14	61	0
14	62	1
14	63	0

15	0	0
15	1	1
15	2	0
15	3	1
15	4	0
15	5	1
15	6	0
15	7	0
15	8	1
15	9	0
15	10	0
15	11	1
15	12	0
15	13	1
15	14	0
15	15	0
15	16	1
15	17	0
15	18	1
15	19	0
15	20	0
15	21	0
15	22	1
15	23	0
15	24	1
15	25	0
15	26	1
15	27	0
15	28	1
15	29	0
15	30	0
15	31	1
15	32	0
15	33	1
15	34	0
15	35	1
15	36	0
15	37	1
15	38	0
15	39	1
15	40	0
15	41	1
15	42	0
15	43	1
15	44	0
15	45	1
15	46	0
15	47	1
15	48	0
15	49	1
15	50	0
15	51	1
15	52	0
15	53	1
15	54	0
15	55	1
15	56	0
15	57	1
15	58	0
15	59	1
15	60	0
15	61	1
15	62	0
15	63	1

16	0	1
16	1	0
16	2	1
16	3	1
16	4	0
16	5	1
16	6	0
16	7	1
16	8	0
16	9	1
16	10	1
16	11	0
16	12	1
16	13	0
16	14	1
16	15	0
16	16	0
16	17	1
16	18	0
16	19	1
16	20	0
16	21	1
16	22	0
16	23	1
16	24	0
16	25	1
16	26	0
16	27	0
16	28	0
16	29	0
16	30	1
16	31	0
16	32	1
16	33	0
16	34	0
16	35	0
16	36	1
16	37	0
16	38	1
16	39	0
16	40	1
16	41	0
16	42	1
16	43	0
16	44	1
16	45	0
16	46	1
16	47	0
16	48	1
16	49	0
16	50	1
16	51	0
16	52	1
16	53	0
16	54	1
16	55	0
16	56	1
16	57	0
16	58	1
16	59	0
16	60	1
16	61	0
16	62	1
16	63	0

17	0	0
17	1	1
17	2	0
17	3	0
17	4	1
17	5	0
17	6	1
17	7	0
17	8	1
17	9	0
17	10	1
17	11	1
17	12	0
17	13	1
17	14	0
17	15	1
17	16	0
17	17	0
17	18	0
17	19	0
17	20	1
17	21	0
17	22	1
17	23	1
17	24	0
17	25	1
17	26	0
17	27	1
17	28	0
17	29	1
17	30	0
17	31	1
17	32	0
17	33	1
17	34	0
17	35	1
17	36	0
17	37	1
17	38	0
17	39	1
17	40	0
17	41	1
17	42	1
17	43	1
17	44	0
17	45	1
17	46	0
17	47	1
17	48	0
17	49	1
17	50	0
17	51	1
17	52	0
17	53	1
17	54	0
17	55	1
17	56	0
17	57	1
17	58	0
17	59	1
17	60	0
17	61	1
17	62	0
17	63	1

18	0	0
18	1	0
18	2	1
18	3	0
18	4	0
18	5	1
18	6	0
18	7	1
18	8	0
18	9	1
18	10	0
18	11	1
18	12	0
18	13	0
18	14	1
18	15	0
18	16	0
18	17	1
18	18	0
18	19	1
18	20	0
18	21	1
18	22	0
18	23	0
18	24	1
18	25	0
18	26	1
18	27	0
18	28	1
18	29	0
18	30	1
18	31	0
18	32	1
18	33	0
18	34	0
18	35	0
18	36	1
18	37	0
18	38	1
18	39	0
18	40	1
18	41	0
18	42	1
18	43	0
18	44	1
18	45	0
18	46	1
18	47	0
18	48	1
18	49	0
18	50	1
18	51	0
18	52	1
18	53	0
18	54	1
18	55	0
18	56	0
18	57	1
18	58	0
18	59	1
18	60	0
18	61	1
18	62	0
18	63	1

19	0	1
19	1	0
19	2	0
19	3	1
19	4	0
19	5	0
19	6	1
19	7	0
19	8	1
19	9	0
19	10	1
19	11	0
19	12	1
19	13	1
19	14	0
19	15	0
19	16	1
19	17	0
19	18	1
19	19	0
19	20	1
19	21	0
19	22	1
19	23	1
19	24	0
19	25	1
19	26	0
19	27	1
19	28	0
19	29	1
19	30	0
19	31	1
19	32	0
19	33	1
19	34	0
19	35	1
19	36	1
19	37	1
19	38	0
19	39	1
19	40	0
19	41	1
19	42	0
19	43	1
19	44	1
19	45	0
19	46	1
19	47	0
19	48	1
19	49	0
19	50	1
19	51	0
19	52	1
19	53	0
19	54	1
19	55	0
19	56	1
19	57	0
19	58	1
19	59	0
19	60	1
19	61	0
19	62	1
19	63	0

20	0	0
20	1	1
20	2	0
20	3	0
20	4	1
20	5	0
20	6	0
20	7	1
20	8	0
20	9	1
20	10	0
20	11	1
20	12	0
20	13	1
20	14	0
20	15	1
20	16	0
20	17	1
20	18	0
20	19	1
20	20	0
20	21	1
20	22	0
20	23	0
20	24	1
20	25	0
20	26	1
20	27	0
20	28	1
20	29	0
20	30	1
20	31	0
20	32	0
20	33	0
20	34	1
20	35	0
20	36	1
20	37	0
20	38	1
20	39	0
20	40	1
20	41	0
20	42	1
20	43	0
20	44	0
20	45	1
20	46	0
20	47	1
20	48	0
20	49	1
20	50	0
20	51	1
20	52	0
20	53	1
20	54	0
20	55	1
20	56	0
20	57	0
20	58	0
20	59	1
20	60	0
20	61	1
20	62	0
20	63	0

21	0	1
21	1	0
21	2	1
21	3	0
21	4	0
21	5	0
21	6	1
21	7	0
21	8	1
21	9	1
21	10	1
21	11	0
21	12	1
21	13	0
21	14	1
21	15	0
21	16	1
21	17	0
21	18	1
21	19	0
21	20	1
21	21	0
21	22	0
21	23	1
21	24	0
21	25	1
21	26	0
21	27	1
21	28	0
21	29	1
21	30	0
21	31	1
21	32	0
21	33	1
21	34	0
21	35	1
21	36	0
21	37	1
21	38	0
21	39	1
21	40	0
21	41	0
21	42	0
21	43	0
21	44	1
21	45	0
21	46	1
21	47	0
21	48	1
21	49	0
21	50	1
21	51	0
21	52	1
21	53	0
21	54	1
21	55	0
21	56	1
21	57	0
21	58	1
21	59	0
21	60	1
21	61	0
21	62	1
21	63	0

22	0	0
22	1	1
22	2	0
22	3	1
22	4	1
22	5	1
22	6	0
22	7	1
22	8	0
22	9	1
22	10	0
22	11	1
22	12	0
22	13	0
22	14	1
22	15	0
22	16	1
22	17	0
22	18	1
22	19	0
22	20	1
22	21	0
22	22	1
22	23	0
22	24	1
22	25	0
22	26	0
22	27	1
22	28	0
22	29	0
22	30	0
22	31	1
22	32	0
22	33	0
22	34	1
22	35	0
22	36	1
22	37	0
22	38	1
22	39	0
22	40	0
22	41	1
22	42	0
22	43	1
22	44	0
22	45	1
22	46	0
22	47	1
22	48	0
22	49	1
22	50	0
22	51	1
22	52	0
22	53	1
22	54	0
22	55	1
22	56	0
22	57	1
22	58	0
22	59	1
22	60	0
22	61	1
22	62	0
22	63	1

23	0	1
23	1	0
23	2	1
23	3	0
23	4	1
23	5	0
23	6	1
23	7	0
23	8	1
23	9	0
23	10	1
23	11	0
23	12	0
23	13	1
23	14	0
23	15	1
23	16	0
23	17	1
23	18	0
23	19	1
23	20	0
23	21	1
23	22	0
23	23	1
23	24	0
23	25	0
23	26	1
23	27	0
23	28	1
23	29	0
23	30	1
23	31	0
23	32	1
23	33	0
23	34	1
23	35	0
23	36	0
23	37	1
23	38	1
23	39	0
23	40	1
23	41	0
23	42	1
23	43	1
23	44	1
23	45	0
23	46	1
23	47	0
23	48	1
23	49	0
23	50	1
23	51	0
23	52	1
23	53	0
23	54	1
23	55	0
23	56	1
23	57	0
23	58	1
23	59	0
23	60	1
23	61	0
23	62	1
23	63	0

24	0	0
24	1	1
24	2	0
24	3	1
24	4	0
24	5	1
24	6	1
24	7	0
24	8	1
24	9	0
24	10	1
24	11	0
24	12	1
24	13	0
24	14	1
24	15	0
24	16	1
24	17	0
24	18	1
24	19	0
24	20	1
24	21	0
24	22	0
24	23	1
24	24	0
24	25	1
24	26	0
24	27	1
24	28	0
24	29	1
24	30	0
24	31	1
24	32	0
24	33	1
24	34	0
24	35	1
24	36	0
24	37	1
24	38	0
24	39	1
24	40	0
24	41	1
24	42	0
24	43	1
24	44	1
24	45	1
24	46	0
24	47	1
24	48	0
24	49	1
24	50	0
24	51	0
24	52	0
24	53	1
24	54	0
24	55	1
24	56	0
24	57	1
24	58	0
24	59	1
24	60	0
24	61	1
24	62	0
24	63	1

25	0	1
25	1	0
25	2	1
25	3	0
25	4	1
25	5	0
25	6	0
25	7	1
25	8	0
25	9	1
25	10	0
25	11	1
25	12	0
25	13	1
25	14	0
25	15	1
25	16	0
25	17	1
25	18	0
25	19	1
25	20	0
25	21	1
25	22	1
25	23	0
25	24	1
25	25	0
25	26	1
25	27	0
25	28	0
25	29	0
25	30	1
25	31	0
25	32	1
25	33	0
25	34	1
25	35	0
25	36	0
25	37	0
25	38	1
25	39	0
25	40	1
25	41	0
25	42	1
25	43	0
25	44	1
25	45	0
25	46	1
25	47	0
25	48	1
25	49	0
25	50	1
25	51	0
25	52	1
25	53	0
25	54	1
25	55	0
25	56	1
25	57	0
25	58	1
25	59	0
25	60	1
25	61	0
25	62	1
25	63	0

26	0	0
26	1	1
26	2	1
26	3	1
26	4	1
26	5	0
26	6	1
26	7	0
26	8	1
26	9	0
26	10	1
26	11	0
26	12	1
26	13	0
26	14	1
26	15	0
26	16	1
26	17	0
26	18	1
26	19	0
26	20	1
26	21	1
26	22	0
26	23	1
26	24	0
26	25	1
26	26	0
26	27	1
26	28	0
26	29	1
26	30	0
26	31	1
26	32	0
26	33	1
26	34	0
26	35	1
26	36	0
26	37	1
26	38	0
26	39	1
26	40	0
26	41	1
26	42	0
26	43	1
26	44	0
26	45	1
26	46	1
26	47	1
26	48	0
26	49	1
26	50	0
26	51	0
26	52	0
26	53	1
26	54	0
26	55	1
26	56	0
26	57	1
26	58	0
26	59	1
26	60	0
26	61	1
26	62	0
26	63	1

27	0	1
27	1	1
27	2	0
27	3	1
27	4	0
27	5	1
27	6	0
27	7	1
27	8	0
27	9	1
27	10	0
27	11	1
27	12	1
27	13	1
27	14	0
27	15	1
27	16	0
27	17	1
27	18	1
27	19	0
27	20	1
27	21	0
27	22	1
27	23	0
27	24	1
27	25	0
27	26	1
27	27	0
27	28	1
27	29	0
27	30	1
27	31	0
27	32	1
27	33	0
27	34	1
27	35	0
27	36	1
27	37	0
27	38	1
27	39	0
27	40	1
27	41	0
27	42	1
27	43	0
27	44	1
27	45	1
27	46	1
27	47	0
27	48	1
27	49	0
27	50	1
27	51	0
27	52	1
27	53	0
27	54	1
27	55	1
27	56	1
27	57	0
27	58	1
27	59	0
27	60	1
27	61	0
27	62	1
27	63	0

28	0	0
28	1	0
28	2	1
28	3	0
28	4	1
28	5	0
28	6	0
28	7	0
28	8	1
28	9	0
28	10	1
28	11	0
28	12	1
28	13	0
28	14	1
28	15	0
28	16	1
28	17	1
28	18	0
28	19	1
28	20	0
28	21	1
28	22	0
28	23	1
28	24	0
28	25	0
28	26	0
28	27	1
28	28	0
28	29	1
28	30	0
28	31	1
28	32	0
28	33	1
28	34	0
28	35	1
28	36	0
28	37	1
28	38	0
28	39	1
28	40	0
28	41	1
28	42	0
28	43	1
28	44	0
28	45	1
28	46	0
28	47	1
28	48	0
28	49	1
28	50	0
28	51	1
28	52	0
28	53	1
28	54	1
28	55	0
28	56	0
28	57	1
28	58	0
28	59	1
28	60	0
28	61	1
28	62	0
28	63	1

29	0	0
29	1	1
29	2	0
29	3	0
29	4	0
29	5	1
29	6	0
29	7	1
29	8	1
29	9	1
29	10	0
29	11	1
29	12	1
29	13	1
29	14	0
29	15	1
29	16	1
29	17	0
29	18	1
29	19	0
29	20	1
29	21	0
29	22	1
29	23	0
29	24	1
29	25	0
29	26	1
29	27	0
29	28	1
29	29	0
29	30	1
29	31	0
29	32	1
29	33	1
29	34	1
29	35	0
29	36	1
29	37	0
29	38	1
29	39	0
29	40	1
29	41	0
29	42	1
29	43	0
29	44	1
29	45	0
29	46	1
29	47	0
29	48	1
29	49	0
29	50	1
29	51	0
29	52	1
29	53	1
29	54	0
29	55	1
29	56	0
29	57	0
29	58	1
29	59	0
29	60	1
29	61	0
29	62	1
29	63	1

30	0	1
30	1	0
30	2	1
30	3	1
30	4	1
30	5	0
30	6	1
30	7	0
30	8	1
30	9	0
30	10	1
30	11	0
30	12	1
30	13	0
30	14	1
30	15	1
30	16	0
30	17	1
30	18	0
30	19	1
30	20	0
30	21	1
30	22	1
30	23	1
30	24	0
30	25	1
30	26	0
30	27	1
30	28	0
30	29	1
30	30	0
30	31	1
30	32	0
30	33	1
30	34	0
30	35	1
30	36	0
30	37	1
30	38	0
30	39	1
30	40	0
30	41	1
30	42	0
30	43	1
30	44	0
30	45	1
30	46	0
30	47	1
30	48	1
30	49	1
30	50	0
30	51	1
30	52	1
30	53	0
30	54	1
30	55	0
30	56	1
30	57	1
30	58	0
30	59	1
30	60	0
30	61	1
30	62	1
30	63	0

31	0	0
31	1	1
31	2	0
31	3	0
31	4	0
31	5	1
31	6	0
31	7	1
31	8	0
31	9	1
31	10	0
31	11	1
31	12	0
31	13	1
31	14	0
31	15	1
31	16	0
31	17	0
31	18	1
31	19	0
31	20	1
31	21	0
31	22	0
31	23	1
31	24	1
31	25	0
31	26	1
31	27	0
31	28	1
31	29	0
31	30	1
31	31	0
31	32	1
31	33	0
31	34	1
31	35	0
31	36	1
31	37	0
31	38	1
31	39	1
31	40	1
31	41	0
31	42	1
31	43	0
31	44	1
31	45	0
31	46	1
31	47	0
31	48	1
31	49	0
31	50	1
31	51	1
31	52	0
31	53	1
31	54	0
31	55	1
31	56	0
31	57	0
31	58	1
31	59	0
31	60	1
31	61	0
31	62	0
31	63	1

32	0	1
32	1	0
32	2	1
32	3	0
32	4	1
32	5	0
32	6	1
32	7	0
32	8	1
32	9	0
32	10	1
32	11	0
32	12	1
32	13	0
32	14	1
32	15	0
32	16	0
32	17	1
32	18	0
32	19	1
32	20	0
32	21	1
32	22	1
32	23	0
32	24	1
32	25	0
32	26	1
32	27	1
32	28	1
32	29	1
32	30	0
32	31	1
32	32	0
32	33	1
32	34	0
32	35	1
32	36	0
32	37	1
32	38	0
32	39	0
32	40	0
32	41	1
32	42	0
32	43	1
32	44	0
32	45	1
32	46	0
32	47	1
32	48	0
32	49	1
32	50	1
32	51	0
32	52	1
32	53	0
32	54	1
32	55	1
32	56	1
32	57	1
32	58	1
32	59	0
32	60	1
32	61	0
32	62	1
32	63	0

33	0	0
33	1	1
33	2	0
33	3	0
33	4	0
33	5	1
33	6	0
33	7	0
33	8	0
33	9	1
33	10	0
33	11	1
33	12	0
33	13	1
33	14	0
33	15	1
33	16	1
33	17	0
33	18	1
33	19	0
33	20	1
33	21	1
33	22	0
33	23	1
33	24	0
33	25	1
33	26	0
33	27	1
33	28	0
33	29	0
33	30	1
33	31	0
33	32	1
33	33	1
33	34	1
33	35	0
33	36	1
33	37	0
33	38	1
33	39	1
33	40	1
33	41	0
33	42	1
33	43	0
33	44	1
33	45	0
33	46	1
33	47	0
33	48	1
33	49	0
33	50	0
33	51	1
33	52	0
33	53	1
33	54	0
33	55	1
33	56	0
33	57	1
33	58	0
33	59	1
33	60	0
33	61	1
33	62	0
33	63	1

34	0	1
34	1	0
34	2	1
34	3	0
34	4	1
34	5	0
34	6	1
34	7	0
34	8	1
34	9	1
34	10	1
34	11	0
34	12	1
34	13	0
34	14	1
34	15	0
34	16	0
34	17	1
34	18	0
34	19	1
34	20	0
34	21	0
34	22	1
34	23	0
34	24	1
34	25	0
34	26	1
34	27	0
34	28	0
34	29	1
34	30	0
34	31	1
34	32	0
34	33	1
34	34	0
34	35	1
34	36	0
34	37	1
34	38	1
34	39	1
34	40	0
34	41	1
34	42	0
34	43	1
34	44	0
34	45	1
34	46	0
34	47	1
34	48	0
34	49	1
34	50	1
34	51	1
34	52	1
34	53	0
34	54	1
34	55	0
34	56	1
34	57	0
34	58	1
34	59	0
34	60	1
34	61	1
34	62	1
34	63	0

35	0	0
35	1	1
35	2	0
35	3	1
35	4	0
35	5	1
35	6	0
35	7	1
35	8	0
35	9	1
35	10	0
35	11	1
35	12	0
35	13	1
35	14	0
35	15	1
35	16	1
35	17	0
35	18	1
35	19	0
35	20	0
35	21	1
35	22	0
35	23	1
35	24	0
35	25	1
35	26	0
35	27	1
35	28	1
35	29	0
35	30	1
35	31	0
35	32	1
35	33	0
35	34	1
35	35	0
35	36	1
35	37	0
35	38	1
35	39	0
35	40	1
35	41	0
35	42	1
35	43	0
35	44	1
35	45	0
35	46	1
35	47	0
35	48	1
35	49	0
35	50	1
35	51	0
35	52	1
35	53	1
35	54	0
35	55	1
35	56	0
35	57	1
35	58	0
35	59	1
35	60	1
35	61	0
35	62	1
35	63	1

36	0	1
36	1	0
36	2	1
36	3	0
36	4	1
36	5	0
36	6	1
36	7	0
36	8	1
36	9	0
36	10	1
36	11	0
36	12	1
36	13	0
36	14	1
36	15	0
36	16	1
36	17	0
36	18	0
36	19	0
36	20	1
36	21	0
36	22	1
36	23	0
36	24	1
36	25	0
36	26	1
36	27	0
36	28	1
36	29	1
36	30	0
36	31	1
36	32	0
36	33	1
36	34	0
36	35	1
36	36	0
36	37	1
36	38	0
36	39	1
36	40	0
36	41	1
36	42	0
36	43	1
36	44	0
36	45	1
36	46	1
36	47	1
36	48	0
36	49	1
36	50	0
36	51	1
36	52	0
36	53	1
36	54	0
36	55	0
36	56	1
36	57	0
36	58	1
36	59	1
36	60	0
36	61	1
36	62	0
36	63	0

37	0	0
37	1	1
37	2	0
37	3	1
37	4	0
37	5	1
37	6	0
37	7	1
37	8	0
37	9	1
37	10	0
37	11	1
37	12	0
37	13	1
37	14	0
37	15	1
37	16	0
37	17	1
37	18	0
37	19	1
37	20	0
37	21	1
37	22	0
37	23	1
37	24	0
37	25	1
37	26	0
37	27	1
37	28	0
37	29	1
37	30	0
37	31	0
37	32	1
37	33	0
37	34	1
37	35	0
37	36	1
37	37	0
37	38	1
37	39	0
37	40	0
37	41	0
37	42	1
37	43	0
37	44	1
37	45	0
37	46	1
37	47	0
37	48	1
37	49	0
37	50	1
37	51	0
37	52	1
37	53	0
37	54	1
37	55	0
37	56	0
37	57	1
37	58	0
37	59	0
37	60	1
37	61	0
37	62	1
37	63	1

38	0	1
38	1	0
38	2	1
38	3	0
38	4	1
38	5	0
38	6	1
38	7	1
38	8	1
38	9	0
38	10	1
38	11	0
38	12	1
38	13	0
38	14	1
38	15	0
38	16	1
38	17	0
38	18	1
38	19	0
38	20	1
38	21	0
38	22	1
38	23	1
38	24	1
38	25	0
38	26	1
38	27	0
38	28	1
38	29	0
38	30	1
38	31	1
38	32	0
38	33	1
38	34	0
38	35	1
38	36	0
38	37	1
38	38	0
38	39	0
38	40	0
38	41	1
38	42	0
38	43	1
38	44	0
38	45	1
38	46	0
38	47	1
38	48	1
38	49	1
38	50	0
38	51	1
38	52	0
38	53	1
38	54	0
38	55	1
38	56	0
38	57	0
38	58	0
38	59	1
38	60	0
38	61	1
38	62	0
38	63	1

39	0	0
39	1	1
39	2	0
39	3	1
39	4	0
39	5	1
39	6	0
39	7	1
39	8	0
39	9	1
39	10	0
39	11	1
39	12	0
39	13	1
39	14	0
39	15	1
39	16	0
39	17	1
39	18	0
39	19	1
39	20	0
39	21	1
39	22	0
39	23	1
39	24	0
39	25	1
39	26	0
39	27	1
39	28	0
39	29	1
39	30	0
39	31	1
39	32	0
39	33	0
39	34	1
39	35	0
39	36	1
39	37	0
39	38	0
39	39	0
39	40	1
39	41	0
39	42	1
39	43	0
39	44	1
39	45	0
39	46	1
39	47	0
39	48	1
39	49	0
39	50	1
39	51	0
39	52	1
39	53	0
39	54	1
39	55	0
39	56	1
39	57	0
39	58	1
39	59	0
39	60	1
39	61	0
39	62	1
39	63	0

40	0	0
40	1	0
40	2	1
40	3	0
40	4	1
40	5	0
40	6	1
40	7	0
40	8	1
40	9	0
40	10	1
40	11	1
40	12	1
40	13	0
40	14	1
40	15	0
40	16	1
40	17	0
40	18	1
40	19	0
40	20	1
40	21	0
40	22	1
40	23	0
40	24	1
40	25	0
40	26	1
40	27	0
40	28	1
40	29	0
40	30	1
40	31	0
40	32	1
40	33	1
40	34	0
40	35	1
40	36	0
40	37	1
40	38	0
40	39	1
40	40	0
40	41	1
40	42	0
40	43	0
40	44	0
40	45	1
40	46	0
40	47	1
40	48	1
40	49	1
40	50	0
40	51	1
40	52	0
40	53	1
40	54	0
40	55	1
40	56	0
40	57	0
40	58	0
40	59	1
40	60	1
40	61	1
40	62	0
40	63	1

41	0	1
41	1	0
41	2	0
41	3	1
41	4	0
41	5	1
41	6	0
41	7	1
41	8	0
41	9	1
41	10	1
41	11	1
41	12	0
41	13	1
41	14	0
41	15	1
41	16	0
41	17	1
41	18	0
41	19	1
41	20	0
41	21	1
41	22	1
41	23	1
41	24	0
41	25	1
41	26	0
41	27	1
41	28	0
41	29	1
41	30	0
41	31	1
41	32	0
41	33	1
41	34	1
41	35	0
41	36	1
41	37	0
41	38	0
41	39	0
41	40	1
41	41	0
41	42	1
41	43	1
41	44	0
41	45	0
41	46	1
41	47	0
41	48	1
41	49	0
41	50	1
41	51	0
41	52	1
41	53	0
41	54	1
41	55	0
41	56	1
41	57	0
41	58	1
41	59	0
41	60	1
41	61	0
41	62	1
41	63	0

42	0	0
42	1	1
42	2	1
42	3	0
42	4	1
42	5	0
42	6	1
42	7	0
42	8	1
42	9	1
42	10	0
42	11	1
42	12	1
42	13	0
42	14	1
42	15	0
42	16	1
42	17	0
42	18	1
42	19	0
42	20	1
42	21	0
42	22	0
42	23	0
42	24	1
42	25	0
42	26	1
42	27	0
42	28	1
42	29	0
42	30	1
42	31	0
42	32	1
42	33	0
42	34	0
42	35	1
42	36	0
42	37	1
42	38	0
42	39	1
42	40	0
42	41	1
42	42	0
42	43	0
42	44	0
42	45	1
42	46	0
42	47	1
42	48	1
42	49	1
42	50	0
42	51	1
42	52	0
42	53	1
42	54	0
42	55	1
42	56	0
42	57	1
42	58	1
42	59	1
42	60	0
42	61	1
42	62	0
42	63	1

43	0	1
43	1	0
43	2	1
43	3	1
43	4	0
43	5	1
43	6	0
43	7	1
43	8	1
43	9	0
43	10	1
43	11	0
43	12	1
43	13	1
43	14	0
43	15	1
43	16	0
43	17	1
43	18	1
43	19	0
43	20	1
43	21	0
43	22	1
43	23	1
43	24	0
43	25	1
43	26	0
43	27	1
43	28	0
43	29	1
43	30	0
43	31	1
43	32	0
43	33	1
43	34	0
43	35	0
43	36	1
43	37	0
43	38	1
43	39	0
43	40	1
43	41	0
43	42	1
43	43	0
43	44	1
43	45	0
43	46	1
43	47	0
43	48	1
43	49	0
43	50	1
43	51	0
43	52	0
43	53	0
43	54	1
43	55	0
43	56	1
43	57	0
43	58	1
43	59	0
43	60	1
43	61	0
43	62	1
43	63	0

44	0	0
44	1	1
44	2	0
44	3	1
44	4	0
44	5	0
44	6	1
44	7	1
44	8	0
44	9	1
44	10	0
44	11	1
44	12	0
44	13	1
44	14	1
44	15	0
44	16	1
44	17	1
44	18	0
44	19	1
44	20	0
44	21	1
44	22	0
44	23	1
44	24	1
44	25	0
44	26	1
44	27	0
44	28	1
44	29	0
44	30	1
44	31	0
44	32	1
44	33	0
44	34	1
44	35	0
44	36	0
44	37	1
44	38	0
44	39	1
44	40	0
44	41	1
44	42	0
44	43	1
44	44	0
44	45	1
44	46	0
44	47	1
44	48	0
44	49	1
44	50	0
44	51	1
44	52	0
44	53	1
44	54	0
44	55	1
44	56	1
44	57	1
44	58	0
44	59	1
44	60	0
44	61	1
44	62	1
44	63	1

45	0	1
45	1	0
45	2	1
45	3	0
45	4	1
45	5	1
45	6	1
45	7	0
45	8	1
45	9	0
45	10	1
45	11	0
45	12	1
45	13	0
45	14	1
45	15	1
45	16	1
45	17	0
45	18	1
45	19	0
45	20	1
45	21	0
45	22	1
45	23	0
45	24	1
45	25	1
45	26	0
45	27	1
45	28	0
45	29	1
45	30	0
45	31	1
45	32	0
45	33	1
45	34	0
45	35	0
45	36	1
45	37	0
45	38	1
45	39	0
45	40	1
45	41	1
45	42	1
45	43	0
45	44	1
45	45	0
45	46	1
45	47	0
45	48	0
45	49	0
45	50	1
45	51	0
45	52	1
45	53	0
45	54	1
45	55	0
45	56	1
45	57	0
45	58	1
45	59	1
45	60	1
45	61	0
45	62	1
45	63	0

46	0	0
46	1	1
46	2	0
46	3	1
46	4	0
46	5	1
46	6	0
46	7	0
46	8	0
46	9	1
46	10	0
46	11	1
46	12	0
46	13	1
46	14	0
46	15	1
46	16	0
46	17	1
46	18	0
46	19	1
46	20	1
46	21	1
46	22	0
46	23	1
46	24	0
46	25	1
46	26	1
46	27	0
46	28	1
46	29	0
46	30	1
46	31	0
46	32	1
46	33	0
46	34	0
46	35	1
46	36	0
46	37	1
46	38	0
46	39	1
46	40	0
46	41	1
46	42	0
46	43	1
46	44	0
46	45	1
46	46	0
46	47	1
46	48	1
46	49	1
46	50	0
46	51	1
46	52	0
46	53	1
46	54	0
46	55	1
46	56	0
46	57	1
46	58	0
46	59	1
46	60	0
46	61	1
46	62	0
46	63	1

47	0	1
47	1	0
47	2	1
47	3	0
47	4	1
47	5	0
47	6	1
47	7	0
47	8	1
47	9	0
47	10	1
47	11	0
47	12	1
47	13	0
47	14	1
47	15	0
47	16	1
47	17	0
47	18	1
47	19	0
47	20	1
47	21	0
47	22	1
47	23	0
47	24	1
47	25	0
47	26	1
47	27	1
47	28	1
47	29	1
47	30	0
47	31	1
47	32	0
47	33	0
47	34	1
47	35	0
47	36	1
47	37	0
47	38	1
47	39	0
47	40	1
47	41	0
47	42	1
47	43	0
47	44	1
47	45	0
47	46	1
47	47	0
47	48	0
47	49	0
47	50	1
47	51	0
47	52	1
47	53	0
47	54	1
47	55	0
47	56	1
47	57	0
47	58	1
47	59	0
47	60	1
47	61	0
47	62	1
47	63	0

48	0	0
48	1	1
48	2	0
48	3	1
48	4	0
48	5	1
48	6	0
48	7	1
48	8	0
48	9	1
48	10	0
48	11	1
48	12	0
48	13	0
48	14	0
48	15	1
48	16	0
48	17	1
48	18	0
48	19	1
48	20	0
48	21	1
48	22	0
48	23	1
48	24	0
48	25	1
48	26	0
48	27	1
48	28	0
48	29	0
48	30	1
48	31	0
48	32	0
48	33	1
48	34	0
48	35	1
48	36	0
48	37	1
48	38	0
48	39	0
48	40	0
48	41	0
48	42	0
48	43	1
48	44	0
48	45	1
48	46	0
48	47	0
48	48	0
48	49	1
48	50	0
48	51	1
48	52	0
48	53	1
48	54	0
48	55	1
48	56	0
48	57	1
48	58	0
48	59	1
48	60	0
48	61	1
48	62	0
48	63	1

49	0	1
49	1	0
49	2	1
49	3	0
49	4	1
49	5	0
49	6	1
49	7	0
49	8	1
49	9	0
49	10	1
49	11	0
49	12	1
49	13	0
49	14	1
49	15	0
49	16	1
49	17	0
49	18	1
49	19	1
49	20	1
49	21	0
49	22	1
49	23	0
49	24	1
49	25	0
49	26	1
49	27	0
49	28	1
49	29	1
49	30	1
49	31	0
49	32	1
49	33	0
49	34	1
49	35	0
49	36	0
49	37	0
49	38	1
49	39	0
49	40	1
49	41	0
49	42	1
49	43	0
49	44	1
49	45	0
49	46	1
49	47	0
49	48	1
49	49	0
49	50	1
49	51	0
49	52	0
49	53	0
49	54	0
49	55	0
49	56	1
49	57	0
49	58	1
49	59	0
49	60	1
49	61	0
49	62	1
49	63	1

50	0	0
50	1	1
50	2	0
50	3	1
50	4	0
50	5	1
50	6	0
50	7	1
50	8	0
50	9	1
50	10	0
50	11	1
50	12	0
50	13	0
50	14	0
50	15	1
50	16	0
50	17	1
50	18	0
50	19	1
50	20	0
50	21	1
50	22	0
50	23	1
50	24	1
50	25	1
50	26	0
50	27	1
50	28	0
50	29	1
50	30	0
50	31	1
50	32	0
50	33	1
50	34	0
50	35	1
50	36	0
50	37	1
50	38	0
50	39	1
50	40	0
50	41	1
50	42	0
50	43	0
50	44	0
50	45	1
50	46	0
50	47	1
50	48	0
50	49	1
50	50	0
50	51	1
50	52	0
50	53	1
50	54	0
50	55	1
50	56	0
50	57	1
50	58	0
50	59	1
50	60	0
50	61	1
50	62	0
50	63	1

51	0	1
51	1	0
51	2	1
51	3	0
51	4	1
51	5	0
51	6	0
51	7	0
51	8	1
51	9	0
51	10	1
51	11	0
51	12	1
51	13	0
51	14	1
51	15	1
51	16	1
51	17	0
51	18	1
51	19	0
51	20	1
51	21	0
51	22	1
51	23	0
51	24	1
51	25	0
51	26	1
51	27	0
51	28	1
51	29	0
51	30	1
51	31	0
51	32	1
51	33	0
51	34	1
51	35	0
51	36	1
51	37	0
51	38	1
51	39	0
51	40	1
51	41	0
51	42	1
51	43	0
51	44	1
51	45	0
51	46	1
51	47	0
51	48	1
51	49	1
51	50	1
51	51	0
51	52	1
51	53	0
51	54	1
51	55	0
51	56	1
51	57	1
51	58	1
51	59	0
51	60	1
51	61	0
51	62	1
51	63	0

52	0	0
52	1	1
52	2	0
52	3	1
52	4	0
52	5	1
52	6	0
52	7	1
52	8	0
52	9	1
52	10	0
52	11	1
52	12	0
52	13	1
52	14	0
52	15	1
52	16	1
52	17	1
52	18	0
52	19	1
52	20	0
52	21	1
52	22	0
52	23	1
52	24	0
52	25	1
52	26	0
52	27	1
52	28	0
52	29	1
52	30	0
52	31	1
52	32	0
52	33	1
52	34	0
52	35	1
52	36	0
52	37	1
52	38	0
52	39	1
52	40	0
52	41	1
52	42	0
52	43	1
52	44	1
52	45	1
52	46	0
52	47	1
52	48	0
52	49	1
52	50	0
52	51	1
52	52	0
52	53	1
52	54	0
52	55	1
52	56	0
52	57	0
52	58	1
52	59	0
52	60	1
52	61	0
52	62	0
52	63	1

53	0	1
53	1	0
53	2	1
53	3	0
53	4	1
53	5	0
53	6	1
53	7	0
53	8	1
53	9	0
53	10	1
53	11	0
53	12	0
53	13	0
53	14	1
53	15	0
53	16	1
53	17	0
53	18	1
53	19	0
53	20	1
53	21	1
53	22	1
53	23	0
53	24	1
53	25	1
53	26	1
53	27	0
53	28	1
53	29	0
53	30	1
53	31	0
53	32	1
53	33	0
53	34	1
53	35	0
53	36	1
53	37	0
53	38	1
53	39	0
53	40	1
53	41	0
53	42	1
53	43	0
53	44	1
53	45	0
53	46	1
53	47	0
53	48	1
53	49	0
53	50	1
53	51	0
53	52	1
53	53	0
53	54	1
53	55	1
53	56	0
53	57	1
53	58	0
53	59	1
53	60	0
53	61	1
53	62	0
53	63	0

54	0	0
54	1	1
54	2	0
54	3	1
54	4	0
54	5	1
54	6	0
54	7	1
54	8	0
54	9	1
54	10	0
54	11	1
54	12	0
54	13	1
54	14	0
54	15	1
54	16	0
54	17	1
54	18	0
54	19	1
54	20	0
54	21	1
54	22	0
54	23	1
54	24	0
54	25	1
54	26	0
54	27	1
54	28	1
54	29	1
54	30	0
54	31	1
54	32	0
54	33	1
54	34	0
54	35	1
54	36	0
54	37	0
54	38	0
54	39	0
54	40	0
54	41	1
54	42	0
54	43	0
54	44	0
54	45	1
54	46	0
54	47	1
54	48	0
54	49	1
54	50	0
54	51	1
54	52	0
54	53	1
54	54	1
54	55	0
54	56	1
54	57	0
54	58	1
54	59	0
54	60	1
54	61	0
54	62	1
54	63	0

55	0	0
55	1	0
55	2	1
55	3	0
55	4	1
55	5	0
55	6	1
55	7	0
55	8	1
55	9	0
55	10	1
55	11	0
55	12	1
55	13	0
55	14	1
55	15	0
55	16	1
55	17	0
55	18	1
55	19	0
55	20	1
55	21	0
55	22	1
55	23	0
55	24	1
55	25	0
55	26	1
55	27	0
55	28	1
55	29	0
55	30	1
55	31	0
55	32	1
55	33	0
55	34	1
55	35	0
55	36	0
55	37	1
55	38	0
55	39	1
55	40	0
55	41	0
55	42	1
55	43	0
55	44	1
55	45	0
55	46	1
55	47	0
55	48	0
55	49	0
55	50	1
55	51	0
55	52	1
55	53	1
55	54	0
55	55	1
55	56	0
55	57	1
55	58	0
55	59	1
55	60	0
55	61	1
55	62	0
55	63	1

56	0	0
56	1	1
56	2	0
56	3	1
56	4	0
56	5	1
56	6	0
56	7	1
56	8	0
56	9	1
56	10	0
56	11	1
56	12	0
56	13	1
56	14	0
56	15	1
56	16	0
56	17	1
56	18	0
56	19	1
56	20	0
56	21	1
56	22	0
56	23	1
56	24	0
56	25	1
56	26	0
56	27	1
56	28	0
56	29	1
56	30	0
56	31	1
56	32	0
56	33	1
56	34	0
56	35	0
56	36	1
56	37	0
56	38	1
56	39	0
56	40	1
56	41	1
56	42	0
56	43	1
56	44	0
56	45	1
56	46	0
56	47	1
56	48	0
56	49	1
56	50	0
56	51	1
56	52	0
56	53	0
56	54	1
56	55	0
56	56	1
56	57	0
56	58	1
56	59	0
56	60	1
56	61	0
56	62	1
56	63	0

57	0	1
57	1	0
57	2	1
57	3	0
57	4	1
57	5	0
57	6	1
57	7	0
57	8	1
57	9	0
57	10	1
57	11	1
57	12	1
57	13	0
57	14	1
57	15	0
57	16	1
57	17	0
57	18	1
57	19	0
57	20	1
57	21	0
57	22	1
57	23	0
57	24	1
57	25	0
57	26	1
57	27	0
57	28	1
57	29	0
57	30	1
57	31	0
57	32	1
57	33	0
57	34	0
57	35	1
57	36	0
57	37	1
57	38	0
57	39	1
57	40	1
57	41	0
57	42	1
57	43	0
57	44	1
57	45	0
57	46	1
57	47	0
57	48	1
57	49	0
57	50	0
57	51	1
57	52	0
57	53	1
57	54	0
57	55	1
57	56	0
57	57	1
57	58	0
57	59	1
57	60	0
57	61	1
57	62	0
57	63	1

58	0	0
58	1	1
58	2	0
58	3	1
58	4	0
58	5	1
58	6	0
58	7	1
58	8	0
58	9	1
58	10	0
58	11	1
58	12	0
58	13	1
58	14	1
58	15	1
58	16	0
58	17	1
58	18	0
58	19	1
58	20	0
58	21	1
58	22	0
58	23	1
58	24	1
58	25	1
58	26	0
58	27	1
58	28	0
58	29	1
58	30	0
58	31	1
58	32	0
58	33	0
58	34	1
58	35	0
58	36	0
58	37	0
58	38	1
58	39	0
58	40	1
58	41	1
58	42	0
58	43	1
58	44	0
58	45	1
58	46	0
58	47	1
58	48	0
58	49	1
58	50	1
58	51	0
58	52	1
58	53	0
58	54	1
58	55	0
58	56	1
58	57	0
58	58	1
58	59	0
58	60	1
58	61	0
58	62	1
58	63	1

59	0	1
59	1	0
59	2	1
59	3	0
59	4	1
59	5	0
59	6	1
59	7	0
59	8	1
59	9	0
59	10	1
59	11	0
59	12	1
59	13	0
59	14	1
59	15	1
59	16	1
59	17	0
59	18	1
59	19	0
59	20	1
59	21	0
59	22	1
59	23	0
59	24	1
59	25	0
59	26	1
59	27	0
59	28	1
59	29	0
59	30	0
59	31	0
59	32	0
59	33	1
59	34	0
59	35	1
59	36	0
59	37	1
59	38	0
59	39	1
59	40	0
59	41	1
59	42	1
59	43	0
59	44	1
59	45	0
59	46	1
59	47	0
59	48	1
59	49	0
59	50	0
59	51	1
59	52	0
59	53	1
59	54	0
59	55	1
59	56	0
59	57	1
59	58	1
59	59	1
59	60	0
59	61	1
59	62	1
59	63	0

60	0	0
60	1	1
60	2	0
60	3	1
60	4	0
60	5	1
60	6	0
60	7	1
60	8	0
60	9	1
60	10	0
60	11	1
60	12	0
60	13	1
60	14	0
60	15	1
60	16	1
60	17	1
60	18	0
60	19	1
60	20	0
60	21	1
60	22	0
60	23	1
60	24	0
60	25	1
60	26	0
60	27	0
60	28	0
60	29	1
60	30	0
60	31	1
60	32	1
60	33	0
60	34	1
60	35	0
60	36	1
60	37	0
60	38	1
60	39	0
60	40	1
60	41	0
60	42	0
60	43	1
60	44	0
60	45	1
60	46	0
60	47	1
60	48	0
60	49	1
60	50	1
60	51	0
60	52	1
60	53	0
60	54	1
60	55	0
60	56	1
60	57	0
60	58	1
60	59	0
60	60	1
60	61	0
60	62	0
60	63	1

61	0	1
61	1	0
61	2	1
61	3	0
61	4	1
61	5	0
61	6	1
61	7	0
61	8	1
61	9	0
61	10	1
61	11	0
61	12	1
61	13	0
61	14	1
61	15	0
61	16	1
61	17	0
61	18	1
61	19	0
61	20	1
61	21	0
61	22	1
61	23	0
61	24	1
61	25	0
61	26	0
61	27	1
61	28	0
61	29	0
61	30	1
61	31	0
61	32	1
61	33	0
61	34	0
61	35	0
61	36	1
61	37	0
61	38	0
61	39	1
61	40	0
61	41	0
61	42	1
61	43	0
61	44	1
61	45	0
61	46	1
61	47	0
61	48	1
61	49	0
61	50	0
61	51	0
61	52	0
61	53	1
61	54	0
61	55	1
61	56	1
61	57	1
61	58	1
61	59	0
61	60	0
61	61	0
61	62	1
61	63	0

62	0	0
62	1	1
62	2	1
62	3	1
62	4	0
62	5	1
62	6	0
62	7	1
62	8	0
62	9	1
62	10	1
62	11	1
62	12	0
62	13	1
62	14	0
62	15	1
62	16	0
62	17	1
62	18	0
62	19	1
62	20	0
62	21	1
62	22	0
62	23	1
62	24	1
62	25	0
62	26	1
62	27	0
62	28	1
62	29	0
62	30	0
62	31	1
62	32	0
62	33	1
62	34	0
62	35	1
62	36	0
62	37	1
62	38	0
62	39	0
62	40	1
62	41	0
62	42	0
62	43	1
62	44	0
62	45	1
62	46	0
62	47	1
62	48	0
62	49	1
62	50	0
62	51	0
62	52	1
62	53	0
62	54	1
62	55	1
62	56	0
62	57	1
62	58	0
62	59	1
62	60	0
62	61	1
62	62	0
62	63	1

63	0	1
63	1	0
63	2	1
63	3	0
63	4	1
63	5	0
63	6	1
63	7	0
63	8	1
63	9	0
63	10	1
63	11	0
63	12	1
63	13	0
63	14	1
63	15	0
63	16	1
63	17	0
63	18	1
63	19	0
63	20	1
63	21	0
63	22	1
63	23	0
63	24	0
63	25	1
63	26	0
63	27	1
63	28	0
63	29	0
63	30	1
63	31	0
63	32	1
63	33	0
63	34	1
63	35	0
63	36	1
63	37	0
63	38	1
63	39	0
63	40	0
63	41	0
63	42	1
63	43	0
63	44	1
63	45	0
63	46	0
63	47	0
63	48	1
63	49	0
63	50	0
63	51	1
63	52	0
63	53	1
63	54	1
63	55	0
63	56	1
63	57	0
63	58	1
63	59	0
63	60	1
63	61	1
63	62	1
63	63	0

