0	0	1
0	1	1
0	2	1
0	3	0
0	4	0
0	5	0
0	6	0
0	7	0
0	8	1
0	9	1
0	10	1
0	11	1
0	12	0
0	13	1
0	14	0
0	15	0
0	16	0
0	17	1
0	18	0
0	19	0
0	20	1
0	21	0
0	22	0
0	23	0
0	24	0
0	25	0
0	26	0
0	27	1
0	28	1
0	29	1
0	30	0
0	31	0
0	32	0
0	33	1
0	34	1
0	35	0
0	36	0
0	37	0
0	38	0
0	39	0
0	40	0
0	41	1
0	42	0
0	43	0
0	44	0
0	45	1
0	46	0
0	47	1
0	48	0
0	49	1
0	50	1
0	51	0
0	52	0
0	53	0
0	54	0
0	55	1
0	56	1
0	57	1
0	58	1
0	59	0
0	60	0
0	61	1
0	62	1
0	63	0

1	0	1
1	1	0
1	2	1
1	3	0
1	4	1
1	5	0
1	6	0
1	7	0
1	8	1
1	9	1
1	10	1
1	11	1
1	12	1
1	13	1
1	14	1
1	15	0
1	16	0
1	17	1
1	18	0
1	19	0
1	20	1
1	21	1
1	22	0
1	23	1
1	24	0
1	25	0
1	26	0
1	27	0
1	28	1
1	29	1
1	30	0
1	31	1
1	32	1
1	33	1
1	34	0
1	35	0
1	36	1
1	37	0
1	38	1
1	39	1
1	40	1
1	41	1
1	42	1
1	43	1
1	44	1
1	45	1
1	46	0
1	47	0
1	48	0
1	49	0
1	50	1
1	51	1
1	52	0
1	53	0
1	54	1
1	55	1
1	56	0
1	57	1
1	58	1
1	59	1
1	60	1
1	61	1
1	62	0
1	63	0

2	0	1
2	1	0
2	2	0
2	3	1
2	4	0
2	5	1
2	6	1
2	7	0
2	8	0
2	9	0
2	10	1
2	11	1
2	12	0
2	13	1
2	14	1
2	15	0
2	16	0
2	17	1
2	18	0
2	19	0
2	20	1
2	21	1
2	22	0
2	23	1
2	24	0
2	25	0
2	26	0
2	27	1
2	28	0
2	29	0
2	30	1
2	31	0
2	32	0
2	33	0
2	34	1
2	35	0
2	36	0
2	37	0
2	38	0
2	39	1
2	40	0
2	41	0
2	42	1
2	43	0
2	44	1
2	45	0
2	46	0
2	47	1
2	48	1
2	49	0
2	50	0
2	51	0
2	52	1
2	53	0
2	54	0
2	55	1
2	56	0
2	57	1
2	58	0
2	59	1
2	60	1
2	61	1
2	62	1
2	63	1

3	0	0
3	1	0
3	2	1
3	3	1
3	4	0
3	5	1
3	6	1
3	7	1
3	8	0
3	9	1
3	10	1
3	11	0
3	12	1
3	13	1
3	14	0
3	15	0
3	16	1
3	17	0
3	18	1
3	19	0
3	20	0
3	21	1
3	22	1
3	23	0
3	24	0
3	25	1
3	26	0
3	27	1
3	28	0
3	29	1
3	30	0
3	31	0
3	32	0
3	33	1
3	34	1
3	35	1
3	36	1
3	37	1
3	38	0
3	39	0
3	40	1
3	41	1
3	42	1
3	43	0
3	44	1
3	45	1
3	46	0
3	47	0
3	48	0
3	49	1
3	50	0
3	51	1
3	52	0
3	53	1
3	54	0
3	55	0
3	56	1
3	57	0
3	58	0
3	59	1
3	60	0
3	61	0
3	62	0
3	63	1

4	0	0
4	1	1
4	2	1
4	3	0
4	4	0
4	5	0
4	6	1
4	7	0
4	8	0
4	9	1
4	10	0
4	11	0
4	12	0
4	13	0
4	14	1
4	15	1
4	16	1
4	17	1
4	18	1
4	19	1
4	20	1
4	21	0
4	22	0
4	23	0
4	24	1
4	25	0
4	26	1
4	27	1
4	28	1
4	29	1
4	30	0
4	31	1
4	32	1
4	33	0
4	34	1
4	35	0
4	36	1
4	37	1
4	38	1
4	39	0
4	40	1
4	41	1
4	42	1
4	43	1
4	44	1
4	45	0
4	46	0
4	47	1
4	48	1
4	49	1
4	50	1
4	51	0
4	52	1
4	53	0
4	54	1
4	55	0
4	56	1
4	57	0
4	58	0
4	59	0
4	60	0
4	61	0
4	62	0
4	63	0

5	0	1
5	1	0
5	2	0
5	3	1
5	4	1
5	5	1
5	6	1
5	7	1
5	8	0
5	9	0
5	10	1
5	11	1
5	12	1
5	13	0
5	14	1
5	15	0
5	16	1
5	17	0
5	18	1
5	19	0
5	20	0
5	21	1
5	22	0
5	23	0
5	24	1
5	25	0
5	26	0
5	27	1
5	28	0
5	29	0
5	30	1
5	31	0
5	32	1
5	33	1
5	34	1
5	35	0
5	36	1
5	37	0
5	38	1
5	39	0
5	40	1
5	41	1
5	42	0
5	43	0
5	44	0
5	45	1
5	46	1
5	47	1
5	48	1
5	49	1
5	50	0
5	51	0
5	52	0
5	53	0
5	54	0
5	55	0
5	56	0
5	57	1
5	58	1
5	59	1
5	60	1
5	61	0
5	62	1
5	63	1

6	0	0
6	1	0
6	2	0
6	3	0
6	4	0
6	5	0
6	6	0
6	7	1
6	8	1
6	9	0
6	10	1
6	11	1
6	12	1
6	13	0
6	14	1
6	15	0
6	16	0
6	17	1
6	18	1
6	19	1
6	20	1
6	21	1
6	22	1
6	23	0
6	24	1
6	25	0
6	26	0
6	27	1
6	28	1
6	29	1
6	30	0
6	31	1
6	32	1
6	33	1
6	34	1
6	35	1
6	36	1
6	37	1
6	38	1
6	39	1
6	40	1
6	41	1
6	42	0
6	43	1
6	44	1
6	45	0
6	46	0
6	47	1
6	48	0
6	49	1
6	50	0
6	51	1
6	52	1
6	53	1
6	54	0
6	55	1
6	56	1
6	57	0
6	58	1
6	59	1
6	60	0
6	61	0
6	62	1
6	63	0

7	0	0
7	1	1
7	2	0
7	3	1
7	4	1
7	5	0
7	6	1
7	7	1
7	8	0
7	9	0
7	10	1
7	11	1
7	12	1
7	13	1
7	14	1
7	15	0
7	16	0
7	17	0
7	18	1
7	19	1
7	20	0
7	21	0
7	22	0
7	23	0
7	24	1
7	25	1
7	26	0
7	27	1
7	28	1
7	29	0
7	30	1
7	31	0
7	32	1
7	33	1
7	34	1
7	35	0
7	36	0
7	37	0
7	38	0
7	39	0
7	40	0
7	41	1
7	42	1
7	43	1
7	44	1
7	45	1
7	46	1
7	47	1
7	48	0
7	49	0
7	50	1
7	51	0
7	52	1
7	53	0
7	54	0
7	55	0
7	56	1
7	57	0
7	58	1
7	59	1
7	60	1
7	61	1
7	62	1
7	63	0

8	0	1
8	1	1
8	2	0
8	3	1
8	4	1
8	5	0
8	6	1
8	7	0
8	8	1
8	9	0
8	10	0
8	11	1
8	12	1
8	13	0
8	14	0
8	15	0
8	16	1
8	17	1
8	18	1
8	19	0
8	20	0
8	21	1
8	22	0
8	23	0
8	24	1
8	25	0
8	26	1
8	27	1
8	28	0
8	29	1
8	30	0
8	31	1
8	32	0
8	33	1
8	34	0
8	35	0
8	36	0
8	37	0
8	38	0
8	39	1
8	40	0
8	41	1
8	42	0
8	43	1
8	44	1
8	45	1
8	46	0
8	47	0
8	48	0
8	49	0
8	50	0
8	51	0
8	52	0
8	53	0
8	54	1
8	55	0
8	56	0
8	57	1
8	58	0
8	59	1
8	60	0
8	61	0
8	62	0
8	63	0

9	0	0
9	1	1
9	2	0
9	3	0
9	4	1
9	5	1
9	6	1
9	7	0
9	8	0
9	9	1
9	10	0
9	11	1
9	12	1
9	13	0
9	14	1
9	15	0
9	16	1
9	17	1
9	18	0
9	19	0
9	20	1
9	21	0
9	22	1
9	23	0
9	24	1
9	25	0
9	26	0
9	27	0
9	28	1
9	29	1
9	30	1
9	31	1
9	32	1
9	33	0
9	34	1
9	35	1
9	36	1
9	37	1
9	38	1
9	39	1
9	40	0
9	41	0
9	42	1
9	43	1
9	44	0
9	45	0
9	46	1
9	47	0
9	48	1
9	49	0
9	50	0
9	51	0
9	52	0
9	53	0
9	54	1
9	55	0
9	56	0
9	57	0
9	58	1
9	59	0
9	60	1
9	61	1
9	62	1
9	63	0

10	0	0
10	1	0
10	2	1
10	3	1
10	4	1
10	5	0
10	6	0
10	7	1
10	8	0
10	9	0
10	10	1
10	11	1
10	12	0
10	13	1
10	14	1
10	15	1
10	16	1
10	17	0
10	18	1
10	19	1
10	20	1
10	21	0
10	22	0
10	23	1
10	24	1
10	25	1
10	26	0
10	27	1
10	28	0
10	29	1
10	30	1
10	31	0
10	32	1
10	33	1
10	34	0
10	35	1
10	36	0
10	37	1
10	38	0
10	39	1
10	40	0
10	41	1
10	42	0
10	43	0
10	44	1
10	45	1
10	46	0
10	47	1
10	48	0
10	49	1
10	50	1
10	51	1
10	52	0
10	53	1
10	54	1
10	55	1
10	56	0
10	57	0
10	58	0
10	59	1
10	60	1
10	61	1
10	62	0
10	63	0

11	0	0
11	1	0
11	2	1
11	3	0
11	4	1
11	5	0
11	6	0
11	7	1
11	8	1
11	9	0
11	10	1
11	11	1
11	12	0
11	13	1
11	14	0
11	15	0
11	16	0
11	17	0
11	18	0
11	19	1
11	20	0
11	21	1
11	22	1
11	23	0
11	24	0
11	25	0
11	26	1
11	27	0
11	28	1
11	29	0
11	30	0
11	31	0
11	32	0
11	33	0
11	34	0
11	35	0
11	36	0
11	37	1
11	38	1
11	39	0
11	40	0
11	41	0
11	42	0
11	43	0
11	44	0
11	45	0
11	46	1
11	47	1
11	48	1
11	49	1
11	50	1
11	51	1
11	52	1
11	53	1
11	54	1
11	55	0
11	56	0
11	57	1
11	58	1
11	59	0
11	60	0
11	61	1
11	62	0
11	63	0

12	0	1
12	1	1
12	2	0
12	3	1
12	4	0
12	5	0
12	6	0
12	7	0
12	8	0
12	9	1
12	10	0
12	11	0
12	12	1
12	13	1
12	14	1
12	15	1
12	16	1
12	17	0
12	18	0
12	19	1
12	20	1
12	21	0
12	22	0
12	23	1
12	24	0
12	25	0
12	26	1
12	27	1
12	28	0
12	29	0
12	30	0
12	31	0
12	32	0
12	33	0
12	34	1
12	35	1
12	36	1
12	37	0
12	38	0
12	39	1
12	40	0
12	41	1
12	42	1
12	43	0
12	44	0
12	45	1
12	46	0
12	47	0
12	48	1
12	49	0
12	50	0
12	51	0
12	52	0
12	53	1
12	54	0
12	55	1
12	56	1
12	57	1
12	58	1
12	59	1
12	60	0
12	61	1
12	62	1
12	63	0

13	0	1
13	1	0
13	2	0
13	3	1
13	4	1
13	5	0
13	6	1
13	7	1
13	8	0
13	9	1
13	10	0
13	11	1
13	12	0
13	13	0
13	14	1
13	15	0
13	16	0
13	17	0
13	18	1
13	19	1
13	20	0
13	21	0
13	22	1
13	23	0
13	24	0
13	25	1
13	26	1
13	27	1
13	28	0
13	29	0
13	30	1
13	31	1
13	32	0
13	33	0
13	34	0
13	35	0
13	36	0
13	37	0
13	38	1
13	39	1
13	40	0
13	41	1
13	42	1
13	43	1
13	44	0
13	45	0
13	46	0
13	47	0
13	48	0
13	49	1
13	50	1
13	51	1
13	52	0
13	53	1
13	54	0
13	55	1
13	56	1
13	57	1
13	58	1
13	59	0
13	60	0
13	61	1
13	62	0
13	63	1

14	0	0
14	1	1
14	2	1
14	3	0
14	4	0
14	5	0
14	6	0
14	7	0
14	8	0
14	9	0
14	10	1
14	11	1
14	12	0
14	13	1
14	14	1
14	15	1
14	16	0
14	17	0
14	18	0
14	19	0
14	20	1
14	21	0
14	22	0
14	23	0
14	24	0
14	25	0
14	26	1
14	27	1
14	28	0
14	29	1
14	30	0
14	31	0
14	32	1
14	33	0
14	34	0
14	35	1
14	36	0
14	37	1
14	38	0
14	39	1
14	40	1
14	41	0
14	42	1
14	43	0
14	44	1
14	45	0
14	46	0
14	47	1
14	48	0
14	49	0
14	50	0
14	51	1
14	52	1
14	53	1
14	54	1
14	55	0
14	56	1
14	57	0
14	58	0
14	59	0
14	60	1
14	61	0
14	62	1
14	63	0

15	0	0
15	1	1
15	2	1
15	3	0
15	4	1
15	5	0
15	6	0
15	7	1
15	8	0
15	9	1
15	10	1
15	11	0
15	12	0
15	13	1
15	14	0
15	15	1
15	16	0
15	17	1
15	18	1
15	19	0
15	20	0
15	21	0
15	22	1
15	23	1
15	24	1
15	25	1
15	26	1
15	27	1
15	28	0
15	29	0
15	30	0
15	31	1
15	32	0
15	33	1
15	34	0
15	35	1
15	36	1
15	37	0
15	38	0
15	39	0
15	40	1
15	41	1
15	42	1
15	43	1
15	44	1
15	45	0
15	46	1
15	47	1
15	48	1
15	49	0
15	50	0
15	51	1
15	52	1
15	53	1
15	54	0
15	55	1
15	56	1
15	57	0
15	58	1
15	59	1
15	60	0
15	61	1
15	62	1
15	63	0

16	0	0
16	1	0
16	2	0
16	3	1
16	4	1
16	5	1
16	6	1
16	7	0
16	8	1
16	9	1
16	10	0
16	11	0
16	12	1
16	13	0
16	14	1
16	15	0
16	16	0
16	17	1
16	18	0
16	19	0
16	20	1
16	21	1
16	22	1
16	23	1
16	24	0
16	25	1
16	26	0
16	27	1
16	28	0
16	29	1
16	30	0
16	31	1
16	32	1
16	33	1
16	34	0
16	35	0
16	36	1
16	37	1
16	38	0
16	39	0
16	40	0
16	41	0
16	42	1
16	43	1
16	44	1
16	45	0
16	46	1
16	47	1
16	48	1
16	49	0
16	50	1
16	51	1
16	52	0
16	53	0
16	54	0
16	55	0
16	56	0
16	57	1
16	58	0
16	59	1
16	60	0
16	61	1
16	62	0
16	63	0

17	0	1
17	1	1
17	2	0
17	3	1
17	4	1
17	5	1
17	6	0
17	7	0
17	8	1
17	9	0
17	10	1
17	11	1
17	12	1
17	13	1
17	14	0
17	15	0
17	16	0
17	17	0
17	18	0
17	19	1
17	20	0
17	21	1
17	22	0
17	23	1
17	24	0
17	25	0
17	26	1
17	27	1
17	28	0
17	29	0
17	30	1
17	31	0
17	32	1
17	33	0
17	34	0
17	35	0
17	36	1
17	37	0
17	38	1
17	39	0
17	40	1
17	41	1
17	42	0
17	43	1
17	44	0
17	45	1
17	46	1
17	47	0
17	48	1
17	49	1
17	50	0
17	51	0
17	52	0
17	53	0
17	54	1
17	55	0
17	56	1
17	57	0
17	58	0
17	59	1
17	60	1
17	61	0
17	62	0
17	63	1

18	0	1
18	1	0
18	2	0
18	3	0
18	4	0
18	5	1
18	6	0
18	7	1
18	8	0
18	9	1
18	10	0
18	11	1
18	12	0
18	13	1
18	14	1
18	15	0
18	16	1
18	17	1
18	18	1
18	19	1
18	20	0
18	21	1
18	22	1
18	23	0
18	24	1
18	25	0
18	26	0
18	27	0
18	28	1
18	29	0
18	30	1
18	31	1
18	32	0
18	33	0
18	34	0
18	35	1
18	36	0
18	37	0
18	38	0
18	39	0
18	40	1
18	41	0
18	42	1
18	43	1
18	44	0
18	45	1
18	46	0
18	47	1
18	48	1
18	49	1
18	50	0
18	51	0
18	52	1
18	53	0
18	54	1
18	55	1
18	56	0
18	57	0
18	58	0
18	59	1
18	60	1
18	61	0
18	62	1
18	63	0

19	0	1
19	1	0
19	2	0
19	3	1
19	4	0
19	5	0
19	6	1
19	7	0
19	8	1
19	9	1
19	10	1
19	11	0
19	12	0
19	13	0
19	14	1
19	15	0
19	16	1
19	17	1
19	18	1
19	19	1
19	20	0
19	21	1
19	22	1
19	23	1
19	24	0
19	25	0
19	26	1
19	27	0
19	28	1
19	29	1
19	30	0
19	31	0
19	32	0
19	33	0
19	34	0
19	35	0
19	36	1
19	37	0
19	38	0
19	39	0
19	40	1
19	41	0
19	42	0
19	43	0
19	44	0
19	45	1
19	46	0
19	47	1
19	48	1
19	49	1
19	50	0
19	51	0
19	52	1
19	53	0
19	54	0
19	55	1
19	56	1
19	57	0
19	58	0
19	59	1
19	60	0
19	61	0
19	62	1
19	63	0

20	0	1
20	1	0
20	2	0
20	3	1
20	4	0
20	5	0
20	6	1
20	7	0
20	8	1
20	9	1
20	10	1
20	11	0
20	12	0
20	13	1
20	14	0
20	15	0
20	16	0
20	17	1
20	18	0
20	19	1
20	20	0
20	21	0
20	22	1
20	23	0
20	24	0
20	25	1
20	26	0
20	27	0
20	28	0
20	29	0
20	30	0
20	31	1
20	32	0
20	33	1
20	34	1
20	35	0
20	36	0
20	37	1
20	38	0
20	39	1
20	40	0
20	41	0
20	42	0
20	43	0
20	44	1
20	45	1
20	46	0
20	47	1
20	48	1
20	49	1
20	50	0
20	51	1
20	52	1
20	53	1
20	54	0
20	55	0
20	56	0
20	57	0
20	58	0
20	59	1
20	60	0
20	61	0
20	62	0
20	63	0

21	0	1
21	1	0
21	2	0
21	3	1
21	4	0
21	5	0
21	6	1
21	7	1
21	8	0
21	9	0
21	10	0
21	11	1
21	12	0
21	13	1
21	14	0
21	15	0
21	16	0
21	17	0
21	18	0
21	19	0
21	20	0
21	21	1
21	22	0
21	23	1
21	24	1
21	25	1
21	26	0
21	27	1
21	28	0
21	29	1
21	30	1
21	31	1
21	32	0
21	33	1
21	34	1
21	35	0
21	36	1
21	37	0
21	38	0
21	39	0
21	40	0
21	41	1
21	42	0
21	43	0
21	44	0
21	45	1
21	46	0
21	47	0
21	48	1
21	49	0
21	50	0
21	51	0
21	52	1
21	53	1
21	54	1
21	55	0
21	56	0
21	57	0
21	58	0
21	59	1
21	60	1
21	61	1
21	62	0
21	63	1

22	0	1
22	1	0
22	2	0
22	3	1
22	4	0
22	5	1
22	6	1
22	7	0
22	8	1
22	9	0
22	10	1
22	11	1
22	12	0
22	13	1
22	14	0
22	15	1
22	16	0
22	17	0
22	18	0
22	19	0
22	20	1
22	21	1
22	22	1
22	23	1
22	24	0
22	25	1
22	26	0
22	27	0
22	28	0
22	29	1
22	30	0
22	31	0
22	32	1
22	33	0
22	34	0
22	35	1
22	36	1
22	37	0
22	38	1
22	39	1
22	40	0
22	41	1
22	42	1
22	43	1
22	44	0
22	45	1
22	46	1
22	47	0
22	48	1
22	49	1
22	50	0
22	51	1
22	52	1
22	53	1
22	54	1
22	55	0
22	56	1
22	57	1
22	58	1
22	59	0
22	60	0
22	61	0
22	62	0
22	63	0

23	0	0
23	1	0
23	2	0
23	3	0
23	4	1
23	5	0
23	6	0
23	7	0
23	8	1
23	9	1
23	10	1
23	11	1
23	12	1
23	13	0
23	14	1
23	15	0
23	16	1
23	17	0
23	18	1
23	19	0
23	20	1
23	21	1
23	22	1
23	23	1
23	24	0
23	25	1
23	26	1
23	27	1
23	28	1
23	29	0
23	30	0
23	31	1
23	32	1
23	33	1
23	34	0
23	35	1
23	36	1
23	37	1
23	38	1
23	39	0
23	40	1
23	41	1
23	42	0
23	43	1
23	44	1
23	45	0
23	46	0
23	47	1
23	48	0
23	49	0
23	50	0
23	51	0
23	52	1
23	53	0
23	54	1
23	55	0
23	56	1
23	57	1
23	58	0
23	59	0
23	60	0
23	61	0
23	62	1
23	63	0

24	0	0
24	1	0
24	2	0
24	3	0
24	4	1
24	5	1
24	6	0
24	7	1
24	8	1
24	9	1
24	10	0
24	11	1
24	12	0
24	13	1
24	14	1
24	15	1
24	16	0
24	17	1
24	18	1
24	19	1
24	20	1
24	21	0
24	22	0
24	23	1
24	24	0
24	25	1
24	26	1
24	27	0
24	28	0
24	29	0
24	30	1
24	31	0
24	32	0
24	33	0
24	34	1
24	35	1
24	36	0
24	37	1
24	38	1
24	39	0
24	40	0
24	41	0
24	42	0
24	43	1
24	44	1
24	45	0
24	46	1
24	47	1
24	48	0
24	49	0
24	50	1
24	51	0
24	52	1
24	53	0
24	54	1
24	55	1
24	56	1
24	57	1
24	58	1
24	59	0
24	60	1
24	61	0
24	62	1
24	63	1

25	0	1
25	1	1
25	2	1
25	3	1
25	4	0
25	5	1
25	6	1
25	7	0
25	8	0
25	9	1
25	10	0
25	11	1
25	12	1
25	13	1
25	14	0
25	15	1
25	16	0
25	17	0
25	18	1
25	19	0
25	20	0
25	21	0
25	22	0
25	23	0
25	24	0
25	25	0
25	26	0
25	27	1
25	28	0
25	29	0
25	30	1
25	31	0
25	32	0
25	33	1
25	34	0
25	35	0
25	36	0
25	37	1
25	38	1
25	39	0
25	40	1
25	41	1
25	42	1
25	43	1
25	44	0
25	45	0
25	46	1
25	47	1
25	48	1
25	49	0
25	50	0
25	51	0
25	52	0
25	53	1
25	54	0
25	55	0
25	56	0
25	57	0
25	58	1
25	59	1
25	60	0
25	61	1
25	62	0
25	63	0

26	0	1
26	1	1
26	2	1
26	3	1
26	4	0
26	5	1
26	6	0
26	7	0
26	8	0
26	9	0
26	10	1
26	11	1
26	12	1
26	13	1
26	14	1
26	15	1
26	16	1
26	17	0
26	18	0
26	19	1
26	20	0
26	21	0
26	22	0
26	23	0
26	24	0
26	25	0
26	26	0
26	27	0
26	28	1
26	29	1
26	30	0
26	31	0
26	32	0
26	33	1
26	34	0
26	35	1
26	36	0
26	37	0
26	38	0
26	39	1
26	40	1
26	41	1
26	42	1
26	43	1
26	44	0
26	45	0
26	46	0
26	47	1
26	48	0
26	49	1
26	50	1
26	51	0
26	52	0
26	53	0
26	54	0
26	55	1
26	56	0
26	57	0
26	58	1
26	59	0
26	60	1
26	61	1
26	62	1
26	63	1

27	0	0
27	1	0
27	2	0
27	3	0
27	4	1
27	5	1
27	6	0
27	7	1
27	8	1
27	9	1
27	10	0
27	11	0
27	12	0
27	13	1
27	14	1
27	15	0
27	16	1
27	17	1
27	18	1
27	19	0
27	20	0
27	21	1
27	22	1
27	23	0
27	24	0
27	25	0
27	26	1
27	27	0
27	28	0
27	29	0
27	30	1
27	31	0
27	32	0
27	33	1
27	34	0
27	35	1
27	36	1
27	37	1
27	38	1
27	39	0
27	40	0
27	41	1
27	42	1
27	43	0
27	44	0
27	45	0
27	46	0
27	47	1
27	48	0
27	49	1
27	50	1
27	51	1
27	52	1
27	53	0
27	54	1
27	55	0
27	56	1
27	57	1
27	58	0
27	59	0
27	60	0
27	61	1
27	62	0
27	63	0

28	0	1
28	1	1
28	2	0
28	3	0
28	4	0
28	5	0
28	6	0
28	7	1
28	8	1
28	9	0
28	10	1
28	11	1
28	12	1
28	13	0
28	14	0
28	15	0
28	16	0
28	17	1
28	18	1
28	19	0
28	20	1
28	21	1
28	22	1
28	23	1
28	24	1
28	25	0
28	26	0
28	27	0
28	28	1
28	29	1
28	30	0
28	31	1
28	32	1
28	33	1
28	34	1
28	35	0
28	36	1
28	37	1
28	38	0
28	39	1
28	40	1
28	41	0
28	42	1
28	43	1
28	44	1
28	45	0
28	46	0
28	47	0
28	48	1
28	49	0
28	50	0
28	51	0
28	52	0
28	53	0
28	54	0
28	55	0
28	56	0
28	57	1
28	58	0
28	59	1
28	60	1
28	61	1
28	62	0
28	63	1

29	0	0
29	1	1
29	2	1
29	3	0
29	4	0
29	5	1
29	6	0
29	7	1
29	8	1
29	9	1
29	10	0
29	11	1
29	12	1
29	13	0
29	14	0
29	15	1
29	16	1
29	17	0
29	18	0
29	19	1
29	20	0
29	21	1
29	22	1
29	23	0
29	24	1
29	25	1
29	26	1
29	27	0
29	28	1
29	29	1
29	30	1
29	31	1
29	32	0
29	33	1
29	34	0
29	35	1
29	36	0
29	37	1
29	38	1
29	39	1
29	40	0
29	41	0
29	42	0
29	43	0
29	44	0
29	45	1
29	46	1
29	47	1
29	48	1
29	49	0
29	50	1
29	51	1
29	52	1
29	53	0
29	54	1
29	55	1
29	56	1
29	57	1
29	58	1
29	59	0
29	60	1
29	61	1
29	62	0
29	63	1

30	0	1
30	1	0
30	2	1
30	3	0
30	4	0
30	5	1
30	6	1
30	7	0
30	8	0
30	9	1
30	10	0
30	11	1
30	12	1
30	13	0
30	14	0
30	15	0
30	16	1
30	17	1
30	18	1
30	19	1
30	20	0
30	21	1
30	22	1
30	23	0
30	24	1
30	25	0
30	26	0
30	27	1
30	28	1
30	29	0
30	30	0
30	31	0
30	32	1
30	33	1
30	34	0
30	35	0
30	36	1
30	37	0
30	38	0
30	39	1
30	40	0
30	41	0
30	42	1
30	43	1
30	44	1
30	45	1
30	46	1
30	47	0
30	48	1
30	49	0
30	50	1
30	51	1
30	52	0
30	53	0
30	54	1
30	55	1
30	56	1
30	57	1
30	58	1
30	59	0
30	60	1
30	61	1
30	62	1
30	63	1

31	0	1
31	1	0
31	2	1
31	3	0
31	4	0
31	5	1
31	6	0
31	7	0
31	8	1
31	9	0
31	10	0
31	11	0
31	12	0
31	13	1
31	14	0
31	15	0
31	16	1
31	17	0
31	18	1
31	19	1
31	20	1
31	21	0
31	22	0
31	23	0
31	24	0
31	25	0
31	26	0
31	27	1
31	28	0
31	29	1
31	30	1
31	31	0
31	32	1
31	33	0
31	34	0
31	35	0
31	36	1
31	37	0
31	38	0
31	39	0
31	40	0
31	41	1
31	42	0
31	43	1
31	44	1
31	45	1
31	46	0
31	47	0
31	48	1
31	49	0
31	50	1
31	51	1
31	52	0
31	53	1
31	54	0
31	55	1
31	56	0
31	57	0
31	58	1
31	59	0
31	60	0
31	61	1
31	62	1
31	63	1

32	0	1
32	1	0
32	2	0
32	3	0
32	4	1
32	5	0
32	6	1
32	7	0
32	8	0
32	9	1
32	10	1
32	11	1
32	12	1
32	13	0
32	14	0
32	15	1
32	16	1
32	17	1
32	18	1
32	19	0
32	20	1
32	21	0
32	22	1
32	23	0
32	24	0
32	25	1
32	26	0
32	27	0
32	28	1
32	29	0
32	30	1
32	31	1
32	32	0
32	33	1
32	34	0
32	35	0
32	36	0
32	37	1
32	38	1
32	39	1
32	40	0
32	41	1
32	42	1
32	43	1
32	44	1
32	45	1
32	46	0
32	47	1
32	48	1
32	49	1
32	50	1
32	51	1
32	52	1
32	53	0
32	54	1
32	55	1
32	56	0
32	57	1
32	58	1
32	59	1
32	60	1
32	61	0
32	62	1
32	63	0

33	0	0
33	1	0
33	2	0
33	3	0
33	4	0
33	5	1
33	6	0
33	7	0
33	8	1
33	9	0
33	10	0
33	11	1
33	12	1
33	13	1
33	14	0
33	15	0
33	16	0
33	17	0
33	18	0
33	19	0
33	20	1
33	21	1
33	22	1
33	23	0
33	24	0
33	25	1
33	26	0
33	27	1
33	28	1
33	29	0
33	30	0
33	31	1
33	32	1
33	33	1
33	34	1
33	35	0
33	36	1
33	37	1
33	38	1
33	39	1
33	40	1
33	41	1
33	42	0
33	43	0
33	44	1
33	45	0
33	46	0
33	47	1
33	48	1
33	49	0
33	50	1
33	51	1
33	52	1
33	53	0
33	54	1
33	55	1
33	56	1
33	57	1
33	58	0
33	59	0
33	60	0
33	61	1
33	62	0
33	63	0

34	0	0
34	1	1
34	2	1
34	3	0
34	4	1
34	5	1
34	6	0
34	7	0
34	8	1
34	9	1
34	10	0
34	11	0
34	12	0
34	13	1
34	14	0
34	15	0
34	16	0
34	17	0
34	18	0
34	19	0
34	20	1
34	21	1
34	22	1
34	23	0
34	24	1
34	25	1
34	26	1
34	27	1
34	28	1
34	29	1
34	30	0
34	31	1
34	32	1
34	33	1
34	34	0
34	35	0
34	36	1
34	37	0
34	38	1
34	39	1
34	40	1
34	41	1
34	42	1
34	43	0
34	44	0
34	45	0
34	46	0
34	47	1
34	48	0
34	49	0
34	50	1
34	51	1
34	52	1
34	53	1
34	54	0
34	55	0
34	56	1
34	57	1
34	58	0
34	59	0
34	60	1
34	61	1
34	62	0
34	63	1

35	0	0
35	1	0
35	2	1
35	3	0
35	4	0
35	5	1
35	6	1
35	7	0
35	8	0
35	9	1
35	10	0
35	11	1
35	12	1
35	13	0
35	14	0
35	15	0
35	16	1
35	17	1
35	18	0
35	19	0
35	20	1
35	21	1
35	22	1
35	23	1
35	24	0
35	25	0
35	26	0
35	27	1
35	28	1
35	29	1
35	30	0
35	31	0
35	32	0
35	33	1
35	34	1
35	35	0
35	36	1
35	37	0
35	38	1
35	39	0
35	40	0
35	41	0
35	42	0
35	43	0
35	44	0
35	45	0
35	46	1
35	47	1
35	48	0
35	49	1
35	50	1
35	51	0
35	52	0
35	53	0
35	54	0
35	55	1
35	56	1
35	57	0
35	58	0
35	59	0
35	60	1
35	61	1
35	62	0
35	63	0

36	0	1
36	1	0
36	2	1
36	3	1
36	4	1
36	5	1
36	6	1
36	7	1
36	8	0
36	9	0
36	10	1
36	11	1
36	12	0
36	13	1
36	14	0
36	15	1
36	16	1
36	17	1
36	18	1
36	19	1
36	20	1
36	21	0
36	22	0
36	23	1
36	24	0
36	25	0
36	26	1
36	27	1
36	28	1
36	29	0
36	30	0
36	31	1
36	32	0
36	33	0
36	34	0
36	35	1
36	36	1
36	37	1
36	38	0
36	39	1
36	40	0
36	41	0
36	42	0
36	43	1
36	44	1
36	45	1
36	46	1
36	47	0
36	48	1
36	49	0
36	50	0
36	51	1
36	52	0
36	53	1
36	54	0
36	55	0
36	56	0
36	57	0
36	58	0
36	59	1
36	60	1
36	61	1
36	62	0
36	63	1

37	0	0
37	1	1
37	2	1
37	3	0
37	4	0
37	5	0
37	6	1
37	7	1
37	8	1
37	9	1
37	10	0
37	11	1
37	12	1
37	13	1
37	14	1
37	15	0
37	16	0
37	17	1
37	18	0
37	19	0
37	20	1
37	21	0
37	22	1
37	23	1
37	24	0
37	25	0
37	26	0
37	27	1
37	28	1
37	29	0
37	30	1
37	31	0
37	32	1
37	33	1
37	34	0
37	35	0
37	36	0
37	37	0
37	38	0
37	39	1
37	40	0
37	41	0
37	42	0
37	43	0
37	44	0
37	45	0
37	46	1
37	47	1
37	48	1
37	49	0
37	50	0
37	51	1
37	52	1
37	53	1
37	54	1
37	55	1
37	56	0
37	57	1
37	58	0
37	59	0
37	60	1
37	61	1
37	62	0
37	63	0

38	0	1
38	1	0
38	2	0
38	3	1
38	4	1
38	5	0
38	6	0
38	7	1
38	8	1
38	9	1
38	10	1
38	11	0
38	12	1
38	13	0
38	14	1
38	15	0
38	16	0
38	17	1
38	18	0
38	19	0
38	20	0
38	21	1
38	22	1
38	23	1
38	24	0
38	25	0
38	26	0
38	27	1
38	28	0
38	29	0
38	30	1
38	31	1
38	32	0
38	33	1
38	34	0
38	35	1
38	36	1
38	37	0
38	38	0
38	39	0
38	40	0
38	41	1
38	42	1
38	43	0
38	44	1
38	45	0
38	46	1
38	47	1
38	48	1
38	49	1
38	50	0
38	51	0
38	52	1
38	53	0
38	54	0
38	55	1
38	56	1
38	57	0
38	58	1
38	59	0
38	60	0
38	61	1
38	62	0
38	63	1

39	0	0
39	1	0
39	2	1
39	3	1
39	4	0
39	5	0
39	6	1
39	7	1
39	8	1
39	9	1
39	10	1
39	11	1
39	12	0
39	13	1
39	14	0
39	15	1
39	16	1
39	17	0
39	18	0
39	19	0
39	20	0
39	21	0
39	22	1
39	23	1
39	24	0
39	25	0
39	26	1
39	27	1
39	28	1
39	29	1
39	30	1
39	31	0
39	32	1
39	33	0
39	34	0
39	35	1
39	36	0
39	37	0
39	38	1
39	39	1
39	40	0
39	41	1
39	42	1
39	43	0
39	44	0
39	45	0
39	46	1
39	47	0
39	48	1
39	49	1
39	50	1
39	51	0
39	52	0
39	53	0
39	54	0
39	55	0
39	56	0
39	57	0
39	58	0
39	59	1
39	60	1
39	61	1
39	62	0
39	63	0

40	0	1
40	1	0
40	2	1
40	3	1
40	4	0
40	5	1
40	6	0
40	7	1
40	8	1
40	9	0
40	10	1
40	11	0
40	12	0
40	13	1
40	14	0
40	15	0
40	16	0
40	17	0
40	18	1
40	19	1
40	20	0
40	21	0
40	22	0
40	23	1
40	24	0
40	25	0
40	26	1
40	27	0
40	28	1
40	29	1
40	30	0
40	31	1
40	32	1
40	33	1
40	34	1
40	35	1
40	36	1
40	37	1
40	38	0
40	39	1
40	40	0
40	41	0
40	42	1
40	43	0
40	44	1
40	45	0
40	46	1
40	47	0
40	48	1
40	49	0
40	50	0
40	51	1
40	52	0
40	53	0
40	54	1
40	55	0
40	56	0
40	57	0
40	58	1
40	59	0
40	60	1
40	61	0
40	62	0
40	63	0

41	0	1
41	1	0
41	2	1
41	3	0
41	4	0
41	5	0
41	6	0
41	7	0
41	8	0
41	9	0
41	10	1
41	11	0
41	12	0
41	13	1
41	14	1
41	15	1
41	16	0
41	17	1
41	18	0
41	19	1
41	20	1
41	21	0
41	22	0
41	23	1
41	24	1
41	25	0
41	26	1
41	27	0
41	28	1
41	29	0
41	30	0
41	31	0
41	32	0
41	33	1
41	34	0
41	35	0
41	36	1
41	37	0
41	38	1
41	39	0
41	40	0
41	41	1
41	42	0
41	43	0
41	44	0
41	45	1
41	46	1
41	47	0
41	48	1
41	49	1
41	50	1
41	51	0
41	52	0
41	53	1
41	54	1
41	55	0
41	56	1
41	57	0
41	58	1
41	59	1
41	60	1
41	61	0
41	62	1
41	63	1

42	0	1
42	1	0
42	2	1
42	3	1
42	4	0
42	5	1
42	6	1
42	7	0
42	8	0
42	9	0
42	10	0
42	11	1
42	12	1
42	13	1
42	14	1
42	15	0
42	16	1
42	17	1
42	18	1
42	19	0
42	20	0
42	21	1
42	22	1
42	23	1
42	24	1
42	25	0
42	26	0
42	27	1
42	28	1
42	29	1
42	30	0
42	31	0
42	32	1
42	33	0
42	34	0
42	35	0
42	36	0
42	37	0
42	38	0
42	39	0
42	40	0
42	41	1
42	42	0
42	43	0
42	44	1
42	45	1
42	46	0
42	47	1
42	48	1
42	49	1
42	50	1
42	51	0
42	52	1
42	53	1
42	54	1
42	55	1
42	56	1
42	57	0
42	58	1
42	59	1
42	60	0
42	61	1
42	62	1
42	63	1

43	0	1
43	1	1
43	2	0
43	3	1
43	4	0
43	5	1
43	6	1
43	7	1
43	8	0
43	9	1
43	10	1
43	11	1
43	12	1
43	13	1
43	14	0
43	15	1
43	16	1
43	17	1
43	18	0
43	19	1
43	20	1
43	21	0
43	22	0
43	23	1
43	24	0
43	25	0
43	26	1
43	27	0
43	28	1
43	29	1
43	30	0
43	31	1
43	32	1
43	33	0
43	34	1
43	35	0
43	36	0
43	37	1
43	38	1
43	39	1
43	40	1
43	41	0
43	42	1
43	43	0
43	44	1
43	45	1
43	46	0
43	47	1
43	48	1
43	49	0
43	50	1
43	51	1
43	52	1
43	53	0
43	54	0
43	55	1
43	56	1
43	57	0
43	58	1
43	59	0
43	60	1
43	61	1
43	62	1
43	63	1

44	0	1
44	1	1
44	2	0
44	3	0
44	4	0
44	5	0
44	6	1
44	7	1
44	8	0
44	9	1
44	10	1
44	11	0
44	12	0
44	13	1
44	14	1
44	15	1
44	16	0
44	17	1
44	18	0
44	19	1
44	20	1
44	21	0
44	22	1
44	23	1
44	24	1
44	25	0
44	26	0
44	27	0
44	28	1
44	29	1
44	30	0
44	31	0
44	32	1
44	33	1
44	34	1
44	35	0
44	36	0
44	37	1
44	38	0
44	39	1
44	40	1
44	41	1
44	42	1
44	43	1
44	44	0
44	45	0
44	46	0
44	47	0
44	48	0
44	49	0
44	50	0
44	51	1
44	52	0
44	53	0
44	54	1
44	55	1
44	56	1
44	57	1
44	58	1
44	59	1
44	60	0
44	61	0
44	62	0
44	63	1

45	0	1
45	1	0
45	2	1
45	3	0
45	4	0
45	5	0
45	6	0
45	7	0
45	8	0
45	9	1
45	10	0
45	11	1
45	12	0
45	13	1
45	14	1
45	15	0
45	16	1
45	17	0
45	18	0
45	19	1
45	20	1
45	21	1
45	22	1
45	23	0
45	24	1
45	25	1
45	26	0
45	27	0
45	28	0
45	29	0
45	30	1
45	31	1
45	32	1
45	33	1
45	34	1
45	35	0
45	36	0
45	37	0
45	38	1
45	39	0
45	40	1
45	41	1
45	42	1
45	43	1
45	44	1
45	45	0
45	46	1
45	47	1
45	48	0
45	49	0
45	50	1
45	51	0
45	52	0
45	53	1
45	54	1
45	55	0
45	56	1
45	57	0
45	58	1
45	59	1
45	60	0
45	61	0
45	62	1
45	63	0

46	0	1
46	1	0
46	2	0
46	3	1
46	4	0
46	5	1
46	6	0
46	7	0
46	8	0
46	9	1
46	10	1
46	11	1
46	12	0
46	13	0
46	14	1
46	15	0
46	16	1
46	17	0
46	18	0
46	19	0
46	20	1
46	21	0
46	22	1
46	23	1
46	24	0
46	25	1
46	26	1
46	27	0
46	28	0
46	29	1
46	30	0
46	31	0
46	32	0
46	33	0
46	34	1
46	35	1
46	36	0
46	37	0
46	38	1
46	39	1
46	40	0
46	41	1
46	42	0
46	43	0
46	44	0
46	45	1
46	46	0
46	47	0
46	48	0
46	49	1
46	50	1
46	51	1
46	52	1
46	53	0
46	54	0
46	55	0
46	56	1
46	57	1
46	58	0
46	59	1
46	60	1
46	61	0
46	62	1
46	63	0

47	0	0
47	1	0
47	2	1
47	3	1
47	4	1
47	5	0
47	6	0
47	7	1
47	8	0
47	9	0
47	10	0
47	11	0
47	12	1
47	13	0
47	14	0
47	15	0
47	16	0
47	17	1
47	18	0
47	19	1
47	20	1
47	21	1
47	22	0
47	23	0
47	24	1
47	25	1
47	26	1
47	27	1
47	28	0
47	29	1
47	30	1
47	31	0
47	32	1
47	33	1
47	34	0
47	35	1
47	36	1
47	37	0
47	38	1
47	39	0
47	40	1
47	41	1
47	42	0
47	43	0
47	44	0
47	45	0
47	46	1
47	47	0
47	48	0
47	49	1
47	50	1
47	51	0
47	52	0
47	53	0
47	54	0
47	55	0
47	56	0
47	57	0
47	58	1
47	59	1
47	60	0
47	61	1
47	62	0
47	63	0

48	0	0
48	1	1
48	2	1
48	3	0
48	4	1
48	5	0
48	6	0
48	7	0
48	8	1
48	9	0
48	10	1
48	11	1
48	12	1
48	13	0
48	14	1
48	15	1
48	16	0
48	17	1
48	18	0
48	19	1
48	20	0
48	21	1
48	22	1
48	23	1
48	24	1
48	25	0
48	26	0
48	27	1
48	28	1
48	29	1
48	30	0
48	31	0
48	32	1
48	33	0
48	34	1
48	35	1
48	36	0
48	37	0
48	38	0
48	39	0
48	40	0
48	41	0
48	42	0
48	43	0
48	44	1
48	45	1
48	46	1
48	47	0
48	48	1
48	49	0
48	50	1
48	51	0
48	52	0
48	53	1
48	54	0
48	55	0
48	56	0
48	57	1
48	58	0
48	59	1
48	60	1
48	61	1
48	62	0
48	63	0

49	0	1
49	1	0
49	2	1
49	3	1
49	4	1
49	5	0
49	6	1
49	7	0
49	8	1
49	9	0
49	10	0
49	11	1
49	12	0
49	13	0
49	14	0
49	15	1
49	16	1
49	17	0
49	18	0
49	19	1
49	20	0
49	21	0
49	22	1
49	23	1
49	24	0
49	25	1
49	26	1
49	27	0
49	28	0
49	29	1
49	30	0
49	31	1
49	32	0
49	33	1
49	34	1
49	35	1
49	36	0
49	37	0
49	38	0
49	39	1
49	40	0
49	41	0
49	42	0
49	43	1
49	44	0
49	45	0
49	46	0
49	47	1
49	48	0
49	49	0
49	50	0
49	51	0
49	52	0
49	53	0
49	54	0
49	55	0
49	56	0
49	57	1
49	58	1
49	59	1
49	60	0
49	61	0
49	62	0
49	63	1

50	0	1
50	1	0
50	2	1
50	3	1
50	4	0
50	5	1
50	6	0
50	7	1
50	8	1
50	9	1
50	10	0
50	11	1
50	12	0
50	13	0
50	14	0
50	15	0
50	16	1
50	17	1
50	18	1
50	19	0
50	20	1
50	21	0
50	22	0
50	23	0
50	24	1
50	25	1
50	26	0
50	27	1
50	28	0
50	29	0
50	30	1
50	31	1
50	32	1
50	33	1
50	34	0
50	35	1
50	36	1
50	37	1
50	38	1
50	39	0
50	40	1
50	41	0
50	42	0
50	43	0
50	44	0
50	45	1
50	46	0
50	47	0
50	48	0
50	49	1
50	50	1
50	51	0
50	52	0
50	53	1
50	54	0
50	55	0
50	56	0
50	57	0
50	58	0
50	59	1
50	60	1
50	61	0
50	62	1
50	63	0

51	0	0
51	1	1
51	2	1
51	3	0
51	4	1
51	5	0
51	6	0
51	7	1
51	8	1
51	9	1
51	10	1
51	11	0
51	12	1
51	13	1
51	14	1
51	15	1
51	16	1
51	17	0
51	18	1
51	19	1
51	20	0
51	21	0
51	22	1
51	23	0
51	24	1
51	25	0
51	26	0
51	27	0
51	28	0
51	29	1
51	30	0
51	31	0
51	32	1
51	33	1
51	34	0
51	35	1
51	36	0
51	37	0
51	38	0
51	39	0
51	40	0
51	41	0
51	42	1
51	43	1
51	44	1
51	45	0
51	46	1
51	47	0
51	48	1
51	49	1
51	50	0
51	51	1
51	52	1
51	53	1
51	54	0
51	55	1
51	56	0
51	57	1
51	58	1
51	59	0
51	60	0
51	61	1
51	62	0
51	63	0

52	0	0
52	1	1
52	2	1
52	3	1
52	4	0
52	5	1
52	6	1
52	7	1
52	8	1
52	9	0
52	10	0
52	11	0
52	12	0
52	13	0
52	14	1
52	15	1
52	16	1
52	17	1
52	18	1
52	19	1
52	20	1
52	21	1
52	22	1
52	23	1
52	24	0
52	25	0
52	26	0
52	27	0
52	28	1
52	29	1
52	30	0
52	31	0
52	32	1
52	33	0
52	34	0
52	35	1
52	36	0
52	37	1
52	38	1
52	39	0
52	40	0
52	41	0
52	42	1
52	43	0
52	44	1
52	45	0
52	46	1
52	47	0
52	48	1
52	49	1
52	50	0
52	51	1
52	52	1
52	53	1
52	54	0
52	55	1
52	56	1
52	57	1
52	58	0
52	59	0
52	60	0
52	61	1
52	62	0
52	63	0

53	0	0
53	1	1
53	2	0
53	3	0
53	4	1
53	5	0
53	6	0
53	7	1
53	8	0
53	9	1
53	10	1
53	11	1
53	12	0
53	13	0
53	14	0
53	15	0
53	16	0
53	17	0
53	18	0
53	19	1
53	20	1
53	21	1
53	22	1
53	23	0
53	24	1
53	25	1
53	26	1
53	27	0
53	28	0
53	29	0
53	30	1
53	31	0
53	32	0
53	33	0
53	34	0
53	35	1
53	36	0
53	37	1
53	38	0
53	39	0
53	40	1
53	41	1
53	42	0
53	43	0
53	44	0
53	45	1
53	46	1
53	47	0
53	48	1
53	49	1
53	50	1
53	51	1
53	52	0
53	53	0
53	54	1
53	55	1
53	56	1
53	57	1
53	58	1
53	59	0
53	60	0
53	61	0
53	62	0
53	63	1

54	0	0
54	1	0
54	2	1
54	3	0
54	4	0
54	5	1
54	6	1
54	7	0
54	8	0
54	9	1
54	10	1
54	11	0
54	12	1
54	13	0
54	14	1
54	15	1
54	16	1
54	17	1
54	18	1
54	19	1
54	20	1
54	21	1
54	22	1
54	23	0
54	24	0
54	25	1
54	26	0
54	27	0
54	28	1
54	29	1
54	30	0
54	31	1
54	32	0
54	33	1
54	34	0
54	35	0
54	36	0
54	37	1
54	38	0
54	39	1
54	40	0
54	41	0
54	42	1
54	43	1
54	44	0
54	45	1
54	46	0
54	47	1
54	48	1
54	49	0
54	50	1
54	51	0
54	52	0
54	53	0
54	54	1
54	55	0
54	56	1
54	57	0
54	58	1
54	59	1
54	60	0
54	61	1
54	62	0
54	63	1

55	0	0
55	1	1
55	2	0
55	3	1
55	4	0
55	5	1
55	6	0
55	7	0
55	8	0
55	9	0
55	10	1
55	11	1
55	12	1
55	13	1
55	14	1
55	15	1
55	16	0
55	17	1
55	18	0
55	19	0
55	20	1
55	21	1
55	22	0
55	23	1
55	24	1
55	25	1
55	26	1
55	27	1
55	28	1
55	29	1
55	30	1
55	31	0
55	32	0
55	33	1
55	34	1
55	35	0
55	36	0
55	37	0
55	38	1
55	39	0
55	40	1
55	41	1
55	42	0
55	43	0
55	44	0
55	45	0
55	46	1
55	47	0
55	48	0
55	49	1
55	50	1
55	51	1
55	52	1
55	53	0
55	54	1
55	55	1
55	56	1
55	57	0
55	58	1
55	59	1
55	60	1
55	61	1
55	62	1
55	63	0

56	0	0
56	1	0
56	2	0
56	3	1
56	4	1
56	5	0
56	6	0
56	7	0
56	8	1
56	9	0
56	10	0
56	11	0
56	12	0
56	13	1
56	14	0
56	15	1
56	16	1
56	17	0
56	18	1
56	19	0
56	20	0
56	21	1
56	22	0
56	23	1
56	24	0
56	25	0
56	26	1
56	27	1
56	28	1
56	29	1
56	30	1
56	31	0
56	32	0
56	33	0
56	34	1
56	35	0
56	36	1
56	37	0
56	38	1
56	39	1
56	40	1
56	41	1
56	42	1
56	43	1
56	44	0
56	45	1
56	46	0
56	47	1
56	48	0
56	49	1
56	50	0
56	51	0
56	52	0
56	53	0
56	54	1
56	55	1
56	56	1
56	57	1
56	58	0
56	59	0
56	60	1
56	61	1
56	62	1
56	63	1

57	0	0
57	1	1
57	2	1
57	3	0
57	4	1
57	5	0
57	6	1
57	7	1
57	8	0
57	9	1
57	10	1
57	11	1
57	12	0
57	13	0
57	14	1
57	15	1
57	16	0
57	17	1
57	18	1
57	19	0
57	20	0
57	21	0
57	22	0
57	23	0
57	24	1
57	25	0
57	26	0
57	27	0
57	28	1
57	29	0
57	30	0
57	31	1
57	32	1
57	33	1
57	34	0
57	35	1
57	36	0
57	37	1
57	38	1
57	39	1
57	40	0
57	41	0
57	42	1
57	43	1
57	44	1
57	45	0
57	46	1
57	47	0
57	48	0
57	49	0
57	50	0
57	51	0
57	52	1
57	53	0
57	54	1
57	55	1
57	56	1
57	57	1
57	58	0
57	59	0
57	60	0
57	61	0
57	62	1
57	63	1

58	0	0
58	1	0
58	2	1
58	3	1
58	4	0
58	5	1
58	6	1
58	7	1
58	8	1
58	9	0
58	10	1
58	11	1
58	12	0
58	13	0
58	14	1
58	15	0
58	16	1
58	17	0
58	18	0
58	19	0
58	20	0
58	21	0
58	22	1
58	23	1
58	24	1
58	25	0
58	26	0
58	27	0
58	28	0
58	29	0
58	30	0
58	31	0
58	32	0
58	33	1
58	34	0
58	35	1
58	36	0
58	37	1
58	38	0
58	39	1
58	40	0
58	41	1
58	42	1
58	43	1
58	44	1
58	45	1
58	46	1
58	47	0
58	48	0
58	49	1
58	50	1
58	51	0
58	52	0
58	53	0
58	54	1
58	55	1
58	56	1
58	57	1
58	58	1
58	59	1
58	60	1
58	61	1
58	62	1
58	63	0

59	0	1
59	1	0
59	2	1
59	3	0
59	4	1
59	5	1
59	6	0
59	7	1
59	8	1
59	9	0
59	10	0
59	11	0
59	12	0
59	13	1
59	14	0
59	15	0
59	16	1
59	17	1
59	18	0
59	19	1
59	20	0
59	21	0
59	22	0
59	23	1
59	24	1
59	25	0
59	26	1
59	27	0
59	28	0
59	29	0
59	30	0
59	31	1
59	32	0
59	33	1
59	34	0
59	35	0
59	36	1
59	37	0
59	38	0
59	39	1
59	40	1
59	41	1
59	42	1
59	43	1
59	44	0
59	45	0
59	46	0
59	47	1
59	48	0
59	49	0
59	50	1
59	51	0
59	52	0
59	53	0
59	54	1
59	55	1
59	56	0
59	57	1
59	58	0
59	59	0
59	60	0
59	61	0
59	62	0
59	63	1

60	0	0
60	1	1
60	2	1
60	3	1
60	4	0
60	5	0
60	6	0
60	7	0
60	8	1
60	9	0
60	10	0
60	11	0
60	12	1
60	13	0
60	14	1
60	15	0
60	16	1
60	17	1
60	18	1
60	19	1
60	20	1
60	21	1
60	22	0
60	23	0
60	24	1
60	25	0
60	26	1
60	27	0
60	28	1
60	29	0
60	30	0
60	31	0
60	32	0
60	33	0
60	34	1
60	35	1
60	36	0
60	37	0
60	38	1
60	39	0
60	40	0
60	41	1
60	42	1
60	43	0
60	44	1
60	45	1
60	46	1
60	47	1
60	48	1
60	49	1
60	50	1
60	51	0
60	52	0
60	53	0
60	54	1
60	55	0
60	56	1
60	57	0
60	58	0
60	59	1
60	60	0
60	61	1
60	62	0
60	63	0

61	0	1
61	1	1
61	2	1
61	3	0
61	4	1
61	5	1
61	6	1
61	7	1
61	8	0
61	9	1
61	10	0
61	11	0
61	12	1
61	13	1
61	14	1
61	15	1
61	16	0
61	17	0
61	18	0
61	19	1
61	20	1
61	21	1
61	22	1
61	23	0
61	24	0
61	25	0
61	26	1
61	27	1
61	28	1
61	29	1
61	30	0
61	31	1
61	32	0
61	33	0
61	34	0
61	35	0
61	36	0
61	37	0
61	38	1
61	39	0
61	40	1
61	41	1
61	42	0
61	43	1
61	44	0
61	45	1
61	46	0
61	47	0
61	48	0
61	49	1
61	50	0
61	51	0
61	52	0
61	53	1
61	54	0
61	55	1
61	56	1
61	57	1
61	58	1
61	59	1
61	60	0
61	61	1
61	62	1
61	63	0

62	0	1
62	1	1
62	2	0
62	3	0
62	4	0
62	5	0
62	6	0
62	7	0
62	8	1
62	9	1
62	10	1
62	11	1
62	12	1
62	13	1
62	14	0
62	15	0
62	16	1
62	17	0
62	18	0
62	19	0
62	20	0
62	21	0
62	22	1
62	23	0
62	24	1
62	25	0
62	26	0
62	27	1
62	28	0
62	29	1
62	30	1
62	31	1
62	32	1
62	33	1
62	34	0
62	35	0
62	36	0
62	37	0
62	38	0
62	39	0
62	40	0
62	41	0
62	42	0
62	43	1
62	44	1
62	45	0
62	46	0
62	47	1
62	48	0
62	49	0
62	50	1
62	51	1
62	52	1
62	53	0
62	54	1
62	55	1
62	56	0
62	57	1
62	58	1
62	59	0
62	60	0
62	61	0
62	62	0
62	63	0

63	0	0
63	1	1
63	2	1
63	3	1
63	4	1
63	5	0
63	6	1
63	7	1
63	8	0
63	9	1
63	10	0
63	11	0
63	12	1
63	13	1
63	14	0
63	15	0
63	16	1
63	17	0
63	18	0
63	19	0
63	20	0
63	21	1
63	22	1
63	23	1
63	24	1
63	25	1
63	26	0
63	27	1
63	28	0
63	29	1
63	30	1
63	31	1
63	32	0
63	33	0
63	34	1
63	35	0
63	36	0
63	37	0
63	38	0
63	39	1
63	40	1
63	41	0
63	42	0
63	43	1
63	44	0
63	45	0
63	46	0
63	47	0
63	48	0
63	49	0
63	50	0
63	51	0
63	52	1
63	53	0
63	54	0
63	55	1
63	56	1
63	57	0
63	58	1
63	59	0
63	60	1
63	61	1
63	62	1
63	63	1

